,CodigoEstacion,NombreEstacion,Latitud,Longitud,Altitud,Categoria,Entidad,AreaOperativa,Departamento,Municipio,FechaInstalacion,FechaSuspension,IdParametro,Etiqueta,DescripcionSerie,Frecuencia,Fecha,Valor,Grado,Calificador,NivelAprobacion,SatValue,SatDesc
736,35060200,AMOLADERO EL [35060200],4.857972222,-73.74538889,2963,Pluviométrica,INSTITUTO DE HIDROLOGIA METEOROLOGIA Y ESTUDIOS AMBIENTALES,Area Operativa 11 - Cundinamarca-Amazonas,Cundinamarca,Guatavita,1972-04-15,,PRECIPITACION,PTPM_TT_M,Precipitación total mensual,Mensual,1988-04-01,183.0,50,,900,92.57149,chirps-v2.0.1988.04.tif
1519,21230090,ARRANCAPLUMAS [21230090],5.20275,-74.72927778,235,Pluviométrica,INSTITUTO DE HIDROLOGIA METEOROLOGIA Y ESTUDIOS AMBIENTALES,Area Operativa 10 - Tolima,Cundinamarca,Guaduas,1980-04-15,,PRECIPITACION,PTPM_TT_M,Precipitación total mensual,Mensual,1988-04-01,289.2,50,,1200,219.39809,chirps-v2.0.1988.04.tif
2386,21205770,BASE AEREA MADRID [21205770],4.728805556,-74.2725,2550,Climática Ordinaria,INSTITUTO DE HIDROLOGIA METEOROLOGIA Y ESTUDIOS AMBIENTALES,Area Operativa 11 - Cundinamarca-Amazonas,Cundinamarca,Madrid,1974-07-15,,PRECIPITACION,PTPM_TT_M,Precipitación total mensual,Mensual,1988-04-01,49.7,50,,900,84.48213,chirps-v2.0.1988.04.tif
3070,21230120,BELLEZA LA [21230120],4.985388889,-74.58111111,1200,Pluviométrica,INSTITUTO DE HIDROLOGIA METEOROLOGIA Y ESTUDIOS AMBIENTALES,Area Operativa 11 - Cundinamarca-Amazonas,Cundinamarca,Chaguaní,1986-12-15,,PRECIPITACION,PTPM_TT_M,Precipitación total mensual,Mensual,1988-04-01,85.0,50,,900,150.61636,chirps-v2.0.1988.04.tif
3894,21205480,IBERIA LA  [21205480],5.033333333,-73.71666667,2760,Climática Principal,CORPORACION AUTONOMA REGIONAL DE CUNDINAMARCA,Area Operativa 11 - Cundinamarca-Amazonas,Cundinamarca,Chocontá,1955-08-15,,PRECIPITACION,PTPM_TT_M,Precipitación total mensual,Mensual,1988-04-01,59.4,50,,900,75.14986,chirps-v2.0.1988.04.tif
4050,23060060,ICALI  [23060060],4.95,-74.41666667,1380,Pluviométrica,FEDERACION NACIONAL DE CAFETEROS,Area Operativa 11 - Cundinamarca-Amazonas,Cundinamarca,Sasaima,1965-03-15,,PRECIPITACION,PTPM_TT_M,Precipitación total mensual,Mensual,1988-04-01,0.0,50,,900,163.15349,chirps-v2.0.1988.04.tif
4225,21195120,ITA VALSALICE  - AUT [21195120],4.39292,-74.39272,1421,Climática Principal,INSTITUTO DE HIDROLOGIA METEOROLOGIA Y ESTUDIOS AMBIENTALES,Area Operativa 11 - Cundinamarca-Amazonas,Cundinamarca,Silvania,1989-02-15,,PRECIPITACION,PTPM_TT_M,Precipitación total mensual,Mensual,1988-04-01,107.1,50,,900,106.05102,chirps-v2.0.1988.04.tif
4747,21235010,JERUSALEN [21235010],4.561805556,-74.70238889,297,Climática Ordinaria,INSTITUTO DE HIDROLOGIA METEOROLOGIA Y ESTUDIOS AMBIENTALES,Area Operativa 10 - Tolima,Cundinamarca,Jerusalén,1974-11-15,,PRECIPITACION,PTPM_TT_M,Precipitación total mensual,Mensual,1988-04-01,116.3,50,,1200,168.58315,chirps-v2.0.1988.04.tif
5474,35060050,JUNIN [35060050],4.792222222,-73.66872222,2323,Pluviométrica,INSTITUTO DE HIDROLOGIA METEOROLOGIA Y ESTUDIOS AMBIENTALES,Area Operativa 11 - Cundinamarca-Amazonas,Cundinamarca,Junín,1962-05-15,,PRECIPITACION,PTPM_TT_M,Precipitación total mensual,Mensual,1988-04-01,105.3,50,,900,107.870544,chirps-v2.0.1988.04.tif
6219,24015110,LA BOYERA - AUT [24015110],5.303805556,-73.85175,2610,Climática Principal,INSTITUTO DE HIDROLOGIA METEOROLOGIA Y ESTUDIOS AMBIENTALES,Area Operativa 11 - Cundinamarca-Amazonas,Cundinamarca,Ubaté,1960-03-15,,PRECIPITACION,PTPM_TT_M,Precipitación total mensual,Mensual,1988-04-01,87.0,50,,900,83.61071,chirps-v2.0.1988.04.tif
6379,21205910,LA COSECHA - AUT [21205910],4.98922,-74.00119,2570,Climática Principal,INSTITUTO DE HIDROLOGIA METEOROLOGIA Y ESTUDIOS AMBIENTALES,Area Operativa 11 - Cundinamarca-Amazonas,Cundinamarca,Zipaquirá,1976-09-15,,PRECIPITACION,PTPM_TT_M,Precipitación total mensual,Mensual,1988-04-01,125.5,4,,900,90.78385,chirps-v2.0.1988.04.tif
6800,21201690,LADERA GRANDE  [21201690],5.166666667,-73.86666667,2950,Pluviográfica,CORPORACION AUTONOMA REGIONAL DE CUNDINAMARCA,Area Operativa 11 - Cundinamarca-Amazonas,Cundinamarca,Tausa,1986-09-15,,PRECIPITACION,PTPM_TT_M,Precipitación total mensual,Mensual,1988-04-01,96.5,50,,900,80.086975,chirps-v2.0.1988.04.tif
6841,35020370,LAG DE UBAQUE  [35020370],4.5,-73.93333333,2200,Pluviométrica,EMPRESA DE ACUEDUCTO Y ALCANTARILLADO DE BOGOTA E.S.P,Area Operativa 11 - Cundinamarca-Amazonas,Cundinamarca,Ubaque,1970-01-15,,PRECIPITACION,PTPM_TT_M,Precipitación total mensual,Mensual,1988-04-01,62.0,50,,900,81.292496,chirps-v2.0.1988.04.tif
7430,35030160,LAGUNA CHINGAZA  [35030160],4.533333333,-73.75,3250,Pluviométrica,EMPRESA DE ACUEDUCTO Y ALCANTARILLADO DE BOGOTA E.S.P,Area Operativa 11 - Cundinamarca-Amazonas,Cundinamarca,Fómeque,1966-03-15,,PRECIPITACION,PTPM_TT_M,Precipitación total mensual,Mensual,1988-04-01,101.2,4,,900,114.95317,chirps-v2.0.1988.04.tif
7742,35020380,LAGUNA MARRANOS  [35020380],4.65,-73.83333333,3090,Pluviométrica,EMPRESA DE ACUEDUCTO Y ALCANTARILLADO DE BOGOTA E.S.P,Area Operativa 11 - Cundinamarca-Amazonas,Cundinamarca,La Calera,1979-08-15,,PRECIPITACION,PTPM_TT_M,Precipitación total mensual,Mensual,1988-04-01,171.7,4,,900,93.6726,chirps-v2.0.1988.04.tif
7977,35030180,LAGUNA SECA  [35030180],4.666666667,-73.76666667,3620,Pluviométrica,EMPRESA DE ACUEDUCTO Y ALCANTARILLADO DE BOGOTA E.S.P,Area Operativa 11 - Cundinamarca-Amazonas,Cundinamarca,Fómeque,1987-04-15,,PRECIPITACION,PTPM_TT_M,Precipitación total mensual,Mensual,1988-04-01,113.3,50,,900,90.08463,chirps-v2.0.1988.04.tif
8240,21201190,LAGUNITAS [21201190],5.214527778,-73.90725,3100,Pluviométrica,INSTITUTO DE HIDROLOGIA METEOROLOGIA Y ESTUDIOS AMBIENTALES,Area Operativa 11 - Cundinamarca-Amazonas,Cundinamarca,Tausa,1985-03-15,,PRECIPITACION,PTPM_TT_M,Precipitación total mensual,Mensual,1988-04-01,106.7,50,,900,89.69566,chirps-v2.0.1988.04.tif
8680,35030080,LAS CASAS [35030080],4.441166667,-73.93638889,2100,Pluviográfica,INSTITUTO DE HIDROLOGIA METEOROLOGIA Y ESTUDIOS AMBIENTALES,Area Operativa 11 - Cundinamarca-Amazonas,Cundinamarca,Cáqueza,1986-05-15,,PRECIPITACION,PTPM_TT_M,Precipitación total mensual,Mensual,1988-04-01,44.4,50,,900,98.70618,chirps-v2.0.1988.04.tif
9255,24010070,LETICIA [24010070],5.303194444,-73.70975,2650,Pluviométrica,INSTITUTO DE HIDROLOGIA METEOROLOGIA Y ESTUDIOS AMBIENTALES,Area Operativa 11 - Cundinamarca-Amazonas,Cundinamarca,Lenguazaque,1974-02-15,,PRECIPITACION,PTPM_TT_M,Precipitación total mensual,Mensual,1988-04-01,26.5,50,,900,61.300156,chirps-v2.0.1988.04.tif
9667,21201700,LLANO EL  [21201700],5.183333333,-73.83333333,2850,Pluviográfica,CORPORACION AUTONOMA REGIONAL DE CUNDINAMARCA,Area Operativa 11 - Cundinamarca-Amazonas,Cundinamarca,Suesca,1988-03-15,,PRECIPITACION,PTPM_TT_M,Precipitación total mensual,Mensual,1988-04-01,99.4,50,,900,73.96281,chirps-v2.0.1988.04.tif
9710,35025050,LLANO LARGO [35025050],4.482833333,-74.03027778,2980,Climática Ordinaria,INSTITUTO DE HIDROLOGIA METEOROLOGIA Y ESTUDIOS AMBIENTALES,Area Operativa 11 - Cundinamarca-Amazonas,Cundinamarca,Ubaque,1986-04-15,,PRECIPITACION,PTPM_TT_M,Precipitación total mensual,Mensual,1988-04-01,70.0,50,,900,77.88118,chirps-v2.0.1988.04.tif
10191,21201330,LOCAL EL  [21201330],4.983333333,-73.7,2950,Pluviográfica,CORPORACION AUTONOMA REGIONAL DE CUNDINAMARCA,Area Operativa 11 - Cundinamarca-Amazonas,Cundinamarca,Sesquilé,1980-06-15,,PRECIPITACION,PTPM_TT_M,Precipitación total mensual,Mensual,1988-04-01,50.3,50,,900,71.283356,chirps-v2.0.1988.04.tif
10261,21201050,LOURDES [21201050],4.982888889,-73.86466667,2750,Pluviométrica,INSTITUTO DE HIDROLOGIA METEOROLOGIA Y ESTUDIOS AMBIENTALES,Area Operativa 11 - Cundinamarca-Amazonas,Cundinamarca,Gachancipá,1985-03-15,,PRECIPITACION,PTPM_TT_M,Precipitación total mensual,Mensual,1988-04-01,25.8,50,,900,85.82069,chirps-v2.0.1988.04.tif
10761,35070230,MACHETA GRANJA AGROP [35070230],5.075111111,-73.57941667,1815,Pluviográfica,INSTITUTO DE HIDROLOGIA METEOROLOGIA Y ESTUDIOS AMBIENTALES,Area Operativa 11 - Cundinamarca-Amazonas,Cundinamarca,Machetá,1979-12-15,,PRECIPITACION,PTPM_TT_M,Precipitación total mensual,Mensual,1988-04-01,92.3,50,,900,74.64327,chirps-v2.0.1988.04.tif
11179,21201740,MANJUI  [21201740],4.8,-74.38333333,3260,Pluviométrica,CORPORACION AUTONOMA REGIONAL DE CUNDINAMARCA,Area Operativa 11 - Cundinamarca-Amazonas,Cundinamarca,Facatativá,1963-04-15,,PRECIPITACION,PTPM_TT_M,Precipitación total mensual,Mensual,1988-04-01,81.0,50,,900,136.68631,chirps-v2.0.1988.04.tif
11781,21200710,MARGARITAS LAS  [21200710],4.833333333,-74.25,2606,Pluviométrica,CORPORACION AUTONOMA REGIONAL DE CUNDINAMARCA,Area Operativa 11 - Cundinamarca-Amazonas,Cundinamarca,Subachoque,1959-08-15,,PRECIPITACION,PTPM_TT_M,Precipitación total mensual,Mensual,1988-04-01,93.0,50,,900,109.04573,chirps-v2.0.1988.04.tif
12015,21205660,MERCEDES - AUT [21205660],4.5791,-74.52318,765,Climática Principal,INSTITUTO DE HIDROLOGIA METEOROLOGIA Y ESTUDIOS AMBIENTALES,Area Operativa 11 - Cundinamarca-Amazonas,Cundinamarca,Anapoima,1970-09-15,,PRECIPITACION,PTPM_TT_M,Precipitación total mensual,Mensual,1988-04-01,96.6,4,,900,141.13124,chirps-v2.0.1988.04.tif
12444,21206390,MESA LA  [21206390],4.633333333,-74.43333333,1300,Climática Principal,CORPORACION AUTONOMA REGIONAL DE CUNDINAMARCA,Area Operativa 11 - Cundinamarca-Amazonas,Cundinamarca,La Mesa,1985-09-15,,PRECIPITACION,PTPM_TT_M,Precipitación total mensual,Mensual,1988-04-01,90.7,50,,900,138.79297,chirps-v2.0.1988.04.tif
12853,21206080,MESITAS D STA INES  [21206080],4.666666667,-74.46666667,1250,Climática Ordinaria,FEDERACION NACIONAL DE CAFETEROS,Area Operativa 11 - Cundinamarca-Amazonas,Cundinamarca,Cachipay,1966-01-15,,PRECIPITACION,PTPM_TT_M,Precipitación total mensual,Mensual,1988-04-01,239.5,50,,900,125.172646,chirps-v2.0.1988.04.tif
13065,35060130,MINAS LAS [35060130],4.675166667,-73.48213889,23,Pluviométrica,INSTITUTO DE HIDROLOGIA METEOROLOGIA Y ESTUDIOS AMBIENTALES,Area Operativa 11 - Cundinamarca-Amazonas,Cundinamarca,Gachalá,1973-04-15,,PRECIPITACION,PTPM_TT_M,Precipitación total mensual,Mensual,1988-04-01,404.2,50,,900,238.91447,chirps-v2.0.1988.04.tif
13671,21206070,MISIONES  [21206070],4.566666667,-74.3,1540,Climática Ordinaria,FEDERACION NACIONAL DE CAFETEROS,Area Operativa 11 - Cundinamarca-Amazonas,Cundinamarca,El Colegio,1977-02-15,,PRECIPITACION,PTPM_TT_M,Precipitación total mensual,Mensual,1988-04-01,188.9,50,,900,121.45112,chirps-v2.0.1988.04.tif
14121,35020010,MONTERREDONDO [35020010],4.2483,-73.8187,1467,Pluviométrica,INSTITUTO DE HIDROLOGIA METEOROLOGIA Y ESTUDIOS AMBIENTALES,Area Operativa 03 - Meta-Guaviare-Guainía,Cundinamarca,Guayabetal,1951-07-15,,PRECIPITACION,PTPM_TT_M,Precipitación total mensual,Mensual,1988-04-01,199.4,50,,1200,217.65933,chirps-v2.0.1988.04.tif
14785,21205610,MUNA  [21205610],4.55,-74.25,2565,Climática Principal,CORPORACION AUTONOMA REGIONAL DE CUNDINAMARCA,Area Operativa 11 - Cundinamarca-Amazonas,Cundinamarca,Sibaté,1966-07-15,,PRECIPITACION,PTPM_TT_M,Precipitación total mensual,Mensual,1988-04-01,37.6,50,,900,111.187805,chirps-v2.0.1988.04.tif
15049,35020390,MUNDONUEVO  [35020390],4.683333333,-73.86666667,2400,Pluviométrica,EMPRESA DE ACUEDUCTO Y ALCANTARILLADO DE BOGOTA E.S.P,Area Operativa 11 - Cundinamarca-Amazonas,Cundinamarca,La Calera,1971-01-15,,PRECIPITACION,PTPM_TT_M,Precipitación total mensual,Mensual,1988-04-01,82.1,50,,900,91.00372,chirps-v2.0.1988.04.tif
15416,21230110,NARINO RADIO [21230110],4.387805556,-74.838166667,262,Pluviométrica,INSTITUTO DE HIDROLOGIA METEOROLOGIA Y ESTUDIOS AMBIENTALES,Area Operativa 10 - Tolima,Cundinamarca,Nariño,1980-01-15,,PRECIPITACION,PTPM_TT_M,Precipitación total mensual,Mensual,1988-04-01,371.0,50,,900,173.99316,chirps-v2.0.1988.04.tif
15987,21230060,NARINO [21230060],4.398611111,-74.82555556,289,Pluviométrica,INSTITUTO DE HIDROLOGIA METEOROLOGIA Y ESTUDIOS AMBIENTALES,Area Operativa 10 - Tolima,Cundinamarca,Nariño,1974-11-15,,PRECIPITACION,PTPM_TT_M,Precipitación total mensual,Mensual,1988-04-01,340.1,50,,1200,173.99316,chirps-v2.0.1988.04.tif
16587,21190210,NILO [21190210],4.305888889,-74.64866667,322,Pluviométrica,INSTITUTO DE HIDROLOGIA METEOROLOGIA Y ESTUDIOS AMBIENTALES,Area Operativa 10 - Tolima,Cundinamarca,Nilo,1971-11-15,,PRECIPITACION,PTPM_TT_M,Precipitación total mensual,Mensual,1988-04-01,122.0,50,,1200,182.61414,chirps-v2.0.1988.04.tif
17257,24015190,NOVILLEROS  [24015190],5.333333333,-73.78333333,2550,Climática Ordinaria,CORPORACION AUTONOMA REGIONAL DE CUNDINAMARCA,Area Operativa 11 - Cundinamarca-Amazonas,Cundinamarca,Ubaté,1965-12-15,,PRECIPITACION,PTPM_TT_M,Precipitación total mensual,Mensual,1988-04-01,66.2,50,,900,61.244488,chirps-v2.0.1988.04.tif
17558,21200160,PANONIA [21200160],5.057972222,-73.73433333,2800,Pluviométrica,INSTITUTO DE HIDROLOGIA METEOROLOGIA Y ESTUDIOS AMBIENTALES,Area Operativa 11 - Cundinamarca-Amazonas,Cundinamarca,Chocontá,1985-03-15,,PRECIPITACION,PTPM_TT_M,Precipitación total mensual,Mensual,1988-04-01,62.5,4,,900,70.4669,chirps-v2.0.1988.04.tif
18499,21201060,PANTANO REDONDO 1 [21201060],5.04325,-74.03338889,3160,Pluviográfica,INSTITUTO DE HIDROLOGIA METEOROLOGIA Y ESTUDIOS AMBIENTALES,Area Operativa 11 - Cundinamarca-Amazonas,Cundinamarca,Zipaquirá,1951-01-15,,PRECIPITACION,PTPM_TT_M,Precipitación total mensual,Mensual,1988-04-01,154.9,4,,900,106.657646,chirps-v2.0.1988.04.tif
19355,21200380,PANTANO REDONDO 2  [21200380],5.033333333,-74.03333333,3000,Pluviográfica,ESTACIONES PARTICULARES,Area Operativa 11 - Cundinamarca-Amazonas,Cundinamarca,Zipaquirá,1950-08-15,,PRECIPITACION,PTPM_TT_M,Precipitación total mensual,Mensual,1988-04-01,0.0,50,,900,106.657646,chirps-v2.0.1988.04.tif
19734,23060040,PARAISO EL  [23060040],5.316666667,-74.48333333,1450,Pluviométrica,FEDERACION NACIONAL DE CAFETEROS,Area Operativa 11 - Cundinamarca-Amazonas,Cundinamarca,Caparrapí,1982-01-15,,PRECIPITACION,PTPM_TT_M,Precipitación total mensual,Mensual,1988-04-01,260.0,50,,900,222.36298,chirps-v2.0.1988.04.tif
19864,21201340,PARQUE SOPO  [21201340],4.75,-74.01666667,2540,Pluviográfica,CORPORACION AUTONOMA REGIONAL DE CUNDINAMARCA,Area Operativa 11 - Cundinamarca-Amazonas,Cundinamarca,Sopó,1980-03-15,,PRECIPITACION,PTPM_TT_M,Precipitación total mensual,Mensual,1988-04-01,64.4,50,,900,66.77664,chirps-v2.0.1988.04.tif
19900,35030230,PARRADOS SAN ISIDR  [35030230],4.383333333,-73.76666667,3500,Pluviométrica,EMPRESA DE ACUEDUCTO Y ALCANTARILLADO DE BOGOTA E.S.P,Area Operativa 11 - Cundinamarca-Amazonas,Cundinamarca,Fómeque,1987-05-15,,PRECIPITACION,PTPM_TT_M,Precipitación total mensual,Mensual,1988-04-01,130.9,50,,900,142.19786,chirps-v2.0.1988.04.tif
20399,21195190,PASCA - AUT [21195190],4.310111111,-74.31175,2256,Agrometeorológica,INSTITUTO DE HIDROLOGIA METEOROLOGIA Y ESTUDIOS AMBIENTALES,Area Operativa 11 - Cundinamarca-Amazonas,Cundinamarca,Pasca,2005-08-26,,PRECIPITACION,PTPM_TT_M,Precipitación total mensual,Mensual,1988-04-01,55.1,50,,900,85.9892,chirps-v2.0.1988.04.tif
20994,24010490,PEDREGAL EL  [24010490],5.233333333,-73.86666667,2900,Pluviométrica,CORPORACION AUTONOMA REGIONAL DE CUNDINAMARCA,Area Operativa 11 - Cundinamarca-Amazonas,Cundinamarca,Sutatausa,1966-08-15,,PRECIPITACION,PTPM_TT_M,Precipitación total mensual,Mensual,1988-04-01,135.0,50,,900,82.2983,chirps-v2.0.1988.04.tif
21057,21201820,PENAS BLANCAS  [21201820],4.55,-74.38333333,2450,Pluviográfica,CORPORACION AUTONOMA REGIONAL DE CUNDINAMARCA,Area Operativa 11 - Cundinamarca-Amazonas,Cundinamarca,El Colegio,1988-02-15,,PRECIPITACION,PTPM_TT_M,Precipitación total mensual,Mensual,1988-04-01,297.8,50,,900,129.85677,chirps-v2.0.1988.04.tif
21265,23060180,PENON EL [23060180],5.253444444,-74.2945,1400,Pluviométrica,INSTITUTO DE HIDROLOGIA METEOROLOGIA Y ESTUDIOS AMBIENTALES,Area Operativa 11 - Cundinamarca-Amazonas,Cundinamarca,El Peñón,1974-09-15,,PRECIPITACION,PTPM_TT_M,Precipitación total mensual,Mensual,1988-04-01,261.9,50,,900,210.3724,chirps-v2.0.1988.04.tif
21757,21190060,PINAR DEL RIO  [21190060],4.366666667,-74.35,1750,Pluviométrica,FEDERACION NACIONAL DE CAFETEROS,Area Operativa 11 - Cundinamarca-Amazonas,Cundinamarca,Silvania,1982-01-15,,PRECIPITACION,PTPM_TT_M,Precipitación total mensual,Mensual,1988-04-01,232.0,50,,900,106.05102,chirps-v2.0.1988.04.tif
21930,21190310,PINAR EL [21190310],4.387972222,-74.32991667,1900,Pluviométrica,INSTITUTO DE HIDROLOGIA METEOROLOGIA Y ESTUDIOS AMBIENTALES,Area Operativa 11 - Cundinamarca-Amazonas,Cundinamarca,Fusagasugá,1980-08-15,,PRECIPITACION,PTPM_TT_M,Precipitación total mensual,Mensual,1988-04-01,211.0,50,,900,70.24289,chirps-v2.0.1988.04.tif
22670,24010270,PINO EL  [24010270],5.25,-73.85,2575,Pluviográfica,CORPORACION AUTONOMA REGIONAL DE CUNDINAMARCA,Area Operativa 11 - Cundinamarca-Amazonas,Cundinamarca,Sutatausa,1960-03-15,,PRECIPITACION,PTPM_TT_M,Precipitación total mensual,Mensual,1988-04-01,84.9,50,,900,79.1819,chirps-v2.0.1988.04.tif
22850,23120190,PINOS LOS  [23120190],5.233333333,-74.03333333,3477,Pluviométrica,CORPORACION AUTONOMA REGIONAL DE CUNDINAMARCA,Area Operativa 11 - Cundinamarca-Amazonas,Cundinamarca,Tausa,1972-12-15,,PRECIPITACION,PTPM_TT_M,Precipitación total mensual,Mensual,1988-04-01,90.0,50,,900,125.88614,chirps-v2.0.1988.04.tif
22919,21200620,PISCIS [21200620],5.079166667,-73.69686111,2820,Pluviométrica,INSTITUTO DE HIDROLOGIA METEOROLOGIA Y ESTUDIOS AMBIENTALES,Area Operativa 11 - Cundinamarca-Amazonas,Cundinamarca,Chocontá,1985-03-15,,PRECIPITACION,PTPM_TT_M,Precipitación total mensual,Mensual,1988-04-01,93.5,50,,900,73.27757,chirps-v2.0.1988.04.tif
23384,35030170,PLAYA LA  [35030170],4.55,-73.76666667,3100,Pluviométrica,EMPRESA DE ACUEDUCTO Y ALCANTARILLADO DE BOGOTA E.S.P,Area Operativa 11 - Cundinamarca-Amazonas,Cundinamarca,Fómeque,1966-03-15,,PRECIPITACION,PTPM_TT_M,Precipitación total mensual,Mensual,1988-04-01,9.9,50,,900,108.73828,chirps-v2.0.1988.04.tif
23722,21201260,PORVENIR EL  [21201260],4.55,-74.31666667,1350,Pluviométrica,FEDERACION NACIONAL DE CAFETEROS,Area Operativa 11 - Cundinamarca-Amazonas,Cundinamarca,El Colegio,1952-02-15,,PRECIPITACION,PTPM_TT_M,Precipitación total mensual,Mensual,1988-04-01,149.1,50,,900,121.45112,chirps-v2.0.1988.04.tif
24064,35060160,POTRERITOS [35060160],4.828805556,-73.76927778,2802,Pluviométrica,INSTITUTO DE HIDROLOGIA METEOROLOGIA Y ESTUDIOS AMBIENTALES,Area Operativa 11 - Cundinamarca-Amazonas,Cundinamarca,Guatavita,1972-08-15,,PRECIPITACION,PTPM_TT_M,Precipitación total mensual,Mensual,1988-04-01,145.3,4,,900,79.01213,chirps-v2.0.1988.04.tif
24505,21200780,POTRERO LARGO [21200780],4.929222222,-73.78047222,2780,Pluviométrica,INSTITUTO DE HIDROLOGIA METEOROLOGIA Y ESTUDIOS AMBIENTALES,Area Operativa 11 - Cundinamarca-Amazonas,Cundinamarca,Guatavita,1985-03-15,,PRECIPITACION,PTPM_TT_M,Precipitación total mensual,Mensual,1988-04-01,44.5,50,,900,70.43243,chirps-v2.0.1988.04.tif
25294,21200440,PRADERA LA  [21200440],5.0,-74.13333333,2703,Pluviométrica,CORPORACION AUTONOMA REGIONAL DE CUNDINAMARCA,Area Operativa 11 - Cundinamarca-Amazonas,Cundinamarca,Subachoque,1951-09-15,,PRECIPITACION,PTPM_TT_M,Precipitación total mensual,Mensual,1988-04-01,122.0,50,,900,116.734886,chirps-v2.0.1988.04.tif
25364,21201310,PREVENTORIO INFANT [21201310],4.465444444,-74.2675,2650,Pluviométrica,INSTITUTO DE HIDROLOGIA METEOROLOGIA Y ESTUDIOS AMBIENTALES,Area Operativa 11 - Cundinamarca-Amazonas,Cundinamarca,Sibaté,1985-03-15,,PRECIPITACION,PTPM_TT_M,Precipitación total mensual,Mensual,1988-04-01,75.1,50,,900,110.957115,chirps-v2.0.1988.04.tif
25776,21206180,PRIMAVERA D MATIMA [21206180],4.8055,-74.44347222,1850,Climática Ordinaria,INSTITUTO DE HIDROLOGIA METEOROLOGIA Y ESTUDIOS AMBIENTALES,Area Operativa 11 - Cundinamarca-Amazonas,Cundinamarca,Anolaima,1986-04-15,,PRECIPITACION,PTPM_TT_M,Precipitación total mensual,Mensual,1988-04-01,85.6,4,,900,137.04953,chirps-v2.0.1988.04.tif
26459,21205570,PRIMAVERA LA  [21205570],4.85,-74.21666667,2590,Climática Principal,CORPORACION AUTONOMA REGIONAL DE CUNDINAMARCA,Area Operativa 11 - Cundinamarca-Amazonas,Cundinamarca,Subachoque,1965-06-15,,PRECIPITACION,PTPM_TT_M,Precipitación total mensual,Mensual,1988-04-01,56.8,50,,900,105.936264,chirps-v2.0.1988.04.tif
26652,21205980,PROVIDENCIA GRANJA [21205980],4.792388889,-74.20091667,2560,Climática Ordinaria,INSTITUTO DE HIDROLOGIA METEOROLOGIA Y ESTUDIOS AMBIENTALES,Area Operativa 11 - Cundinamarca-Amazonas,Cundinamarca,Tenjo,1977-02-15,,PRECIPITACION,PTPM_TT_M,Precipitación total mensual,Mensual,1988-04-01,98.9,50,,900,73.71263,chirps-v2.0.1988.04.tif
27368,24010380,PTE EL  [24010380],5.35,-73.66666667,2810,Pluviográfica,CORPORACION AUTONOMA REGIONAL DE CUNDINAMARCA,Area Operativa 11 - Cundinamarca-Amazonas,Cundinamarca,Guachetá,1962-12-15,,PRECIPITACION,PTPM_TT_M,Precipitación total mensual,Mensual,1988-04-01,65.9,50,,900,74.671646,chirps-v2.0.1988.04.tif
28248,21205160,RAMADA LA  [21205160],4.716666667,-74.18333333,2545,Climática Ordinaria,CORPORACION AUTONOMA REGIONAL DE CUNDINAMARCA,Area Operativa 11 - Cundinamarca-Amazonas,Cundinamarca,Funza,1937-12-15,,PRECIPITACION,PTPM_TT_M,Precipitación total mensual,Mensual,1988-04-01,103.3,50,,900,62.426765,chirps-v2.0.1988.04.tif
28524,21201370,REFUGIO EL  [21201370],4.65,-74.46666667,1250,Pluviométrica,FEDERACION NACIONAL DE CAFETEROS,Area Operativa 11 - Cundinamarca-Amazonas,Cundinamarca,La Mesa,1977-08-15,,PRECIPITACION,PTPM_TT_M,Precipitación total mensual,Mensual,1988-04-01,244.0,50,,900,125.172646,chirps-v2.0.1988.04.tif
28931,21205410,REPRESA DEL NEUSA  [21205410],5.15,-73.98333333,3100,Climática Principal,CORPORACION AUTONOMA REGIONAL DE CUNDINAMARCA,Area Operativa 11 - Cundinamarca-Amazonas,Cundinamarca,Cogua,1947-05-15,,PRECIPITACION,PTPM_TT_M,Precipitación total mensual,Mensual,1988-04-01,124.3,50,,900,96.554276,chirps-v2.0.1988.04.tif
29283,21201710,REPRESA SISGA  [21201710],5.083333333,-73.73333333,2675,Pluviográfica,CORPORACION AUTONOMA REGIONAL DE CUNDINAMARCA,Area Operativa 11 - Cundinamarca-Amazonas,Cundinamarca,Chocontá,1966-07-15,,PRECIPITACION,PTPM_TT_M,Precipitación total mensual,Mensual,1988-04-01,66.1,50,,900,70.4669,chirps-v2.0.1988.04.tif
29927,21205390,REPRESA SISGA  [21205390],5.083333333,-73.73333333,2675,Climática Ordinaria,CORPORACION AUTONOMA REGIONAL DE CUNDINAMARCA,Area Operativa 11 - Cundinamarca-Amazonas,Cundinamarca,Chocontá,1939-11-15,,PRECIPITACION,PTPM_TT_M,Precipitación total mensual,Mensual,1988-04-01,66.1,50,,900,70.4669,chirps-v2.0.1988.04.tif
30262,21201550,ROBLE EL [21201550],4.796666667,-74.22638889,2560,Pluviométrica,INSTITUTO DE HIDROLOGIA METEOROLOGIA Y ESTUDIOS AMBIENTALES,Area Operativa 11 - Cundinamarca-Amazonas,Cundinamarca,Madrid,1985-07-15,,PRECIPITACION,PTPM_TT_M,Precipitación total mensual,Mensual,1988-04-01,96.5,50,,900,73.71263,chirps-v2.0.1988.04.tif
30742,23065100,SABANETA [23065100],4.90175,-74.30738889,2475,Climática Ordinaria,INSTITUTO DE HIDROLOGIA METEOROLOGIA Y ESTUDIOS AMBIENTALES,Area Operativa 11 - Cundinamarca-Amazonas,Cundinamarca, La Vega,1986-08-15,,PRECIPITACION,PTPM_TT_M,Precipitación total mensual,Mensual,1988-04-01,89.4,50,,900,136.26578,chirps-v2.0.1988.04.tif
31335,21200880,SALITRE EL - NEUSA  [21200880],5.183333333,-74.0,3140,Pluviográfica,CORPORACION AUTONOMA REGIONAL DE CUNDINAMARCA,Area Operativa 11 - Cundinamarca-Amazonas,Cundinamarca,Tausa,1955-04-15,,PRECIPITACION,PTPM_TT_M,Precipitación total mensual,Mensual,1988-04-01,123.0,50,,900,107.95657,chirps-v2.0.1988.04.tif
31826,23125070,SAN CAYETANO [23125070],5.3,-74.06666667,2200,Climática Ordinaria,INSTITUTO DE HIDROLOGIA METEOROLOGIA Y ESTUDIOS AMBIENTALES,Area Operativa 11 - Cundinamarca-Amazonas,Cundinamarca,San Cayetano,1974-09-15,2008-12-11 00:00:00,PRECIPITACION,PTPM_TT_M,Precipitación total mensual,Mensual,1988-04-01,138.1,50,,900,190.60446,chirps-v2.0.1988.04.tif
32245,21201610,SAN ISIDRO [21201610],4.850288889,-73.89072222,2698,Pluviométrica,INSTITUTO DE HIDROLOGIA METEOROLOGIA Y ESTUDIOS AMBIENTALES,Area Operativa 11 - Cundinamarca-Amazonas,Cundinamarca,Guasca,1987-05-15,,PRECIPITACION,PTPM_TT_M,Precipitación total mensual,Mensual,1988-04-01,59.6,50,,900,87.12595,chirps-v2.0.1988.04.tif
32922,21201720,SAN JORGE GJA  [21201720],4.516666667,-74.2,2890,Pluviográfica,CORPORACION AUTONOMA REGIONAL DE CUNDINAMARCA,Area Operativa 11 - Cundinamarca-Amazonas,Cundinamarca,Soacha,1960-04-15,,PRECIPITACION,PTPM_TT_M,Precipitación total mensual,Mensual,1988-04-01,57.7,50,,900,84.59999,chirps-v2.0.1988.04.tif
33519,21205720,SAN JORGE GRANJA [21205720],4.50575,-74.18927778,2900,Climática Ordinaria,INSTITUTO DE HIDROLOGIA METEOROLOGIA Y ESTUDIOS AMBIENTALES,Area Operativa 11 - Cundinamarca-Amazonas,Cundinamarca,Soacha,1960-04-15,,PRECIPITACION,PTPM_TT_M,Precipitación total mensual,Mensual,1988-04-01,53.9,50,,900,77.71515,chirps-v2.0.1988.04.tif
34229,21200800,SAN JOSE  [21200800],4.983333333,-73.9,2700,Pluviográfica,CORPORACION AUTONOMA REGIONAL DE CUNDINAMARCA,Area Operativa 11 - Cundinamarca-Amazonas,Cundinamarca,Guasca,1960-10-15,,PRECIPITACION,PTPM_TT_M,Precipitación total mensual,Mensual,1988-04-01,21.1,50,,900,92.412575,chirps-v2.0.1988.04.tif
34467,35030210,SAN JOSE  [35030210],4.533333333,-73.73333333,3200,Pluviométrica,EMPRESA DE ACUEDUCTO Y ALCANTARILLADO DE BOGOTA E.S.P,Area Operativa 11 - Cundinamarca-Amazonas,Cundinamarca,Fómeque,1987-06-15,,PRECIPITACION,PTPM_TT_M,Precipitación total mensual,Mensual,1988-04-01,195.9,4,,900,136.03354,chirps-v2.0.1988.04.tif
34654,21230080,SAN JUAN  [21230080],4.85,-74.66666667,1300,Pluviométrica,FEDERACION NACIONAL DE CAFETEROS,Area Operativa 10 - Tolima,Cundinamarca,San Juan De Rioseco,1982-01-15,,PRECIPITACION,PTPM_TT_M,Precipitación total mensual,Mensual,1988-04-01,189.8,50,,900,168.8941,chirps-v2.0.1988.04.tif
34894,21230070,SAN JUAN D RIOSECO [21230070],4.851277778,-74.62283333,1364,Pluviométrica,INSTITUTO DE HIDROLOGIA METEOROLOGIA Y ESTUDIOS AMBIENTALES,Area Operativa 10 - Tolima,Cundinamarca,San Juan De Rioseco,1974-12-15,,PRECIPITACION,PTPM_TT_M,Precipitación total mensual,Mensual,1988-04-01,260.6,50,,1200,172.1178,chirps-v2.0.1988.04.tif
35899,35030260,SAN LUIS  [35030260],4.483333333,-73.65,2959,Pluviométrica,EMPRESA DE ACUEDUCTO Y ALCANTARILLADO DE BOGOTA E.S.P,Area Operativa 11 - Cundinamarca-Amazonas,Cundinamarca,Fómeque,1990-08-15,,PRECIPITACION,PTPM_TT_M,Precipitación total mensual,Mensual,1988-04-01,0.0,50,,900,216.4917,chirps-v2.0.1988.04.tif
36269,21201250,SAN PEDRO [21201250],4.871638889,-73.96666667,2560,Pluviométrica,INSTITUTO DE HIDROLOGIA METEOROLOGIA Y ESTUDIOS AMBIENTALES,Area Operativa 11 - Cundinamarca-Amazonas,Cundinamarca,Sopó,1980-06-15,2013-02-15 00:00:00,PRECIPITACION,PTPM_TT_M,Precipitación total mensual,Mensual,1988-04-01,81.6,50,,900,76.24707,chirps-v2.0.1988.04.tif
37189,21200110,SAN RAFAEL 1  [21200110],4.7,-73.98333333,2750,Pluviométrica,EMPRESA DE ACUEDUCTO Y ALCANTARILLADO DE BOGOTA E.S.P,Area Operativa 11 - Cundinamarca-Amazonas,Cundinamarca,La Calera,1933-05-15,,PRECIPITACION,PTPM_TT_M,Precipitación total mensual,Mensual,1988-04-01,43.8,50,,900,65.3417,chirps-v2.0.1988.04.tif
37559,21206980,SANTA CRUZ DE SIECHA  - AUT [21206980],4.784277778,-73.87080556,3100,Agrometeorológica,INSTITUTO DE HIDROLOGIA METEOROLOGIA Y ESTUDIOS AMBIENTALES,Area Operativa 11 - Cundinamarca-Amazonas,Cundinamarca,Guasca,2005-11-08,,PRECIPITACION,PTPM_TT_M,Precipitación total mensual,Mensual,1988-04-01,98.1,4,,900,67.877106,chirps-v2.0.1988.04.tif
38678,21200750,BOJACA  [21200750],4.733333333,-74.33333333,2603,Pluviométrica,CORPORACION AUTONOMA REGIONAL DE CUNDINAMARCA,Area Operativa 11 - Cundinamarca-Amazonas,Cundinamarca,Bojacá,1960-03-15,,PRECIPITACION,PTPM_TT_M,Precipitación total mensual,Mensual,1988-04-01,33.0,50,,900,101.53763,chirps-v2.0.1988.04.tif
38728,35025060,BOLSA LA [35025060],4.575416667,-73.98141667,3195,Climática Ordinaria,INSTITUTO DE HIDROLOGIA METEOROLOGIA Y ESTUDIOS AMBIENTALES,Area Operativa 11 - Cundinamarca-Amazonas,Cundinamarca,Choachí,1987-05-15,,PRECIPITACION,PTPM_TT_M,Precipitación total mensual,Mensual,1988-04-01,47.1,50,,900,71.20977,chirps-v2.0.1988.04.tif
39132,21201870,BOMBAS SESQUILE  [21201870],5.05,-73.8,2600,Pluviográfica,CORPORACION AUTONOMA REGIONAL DE CUNDINAMARCA,Area Operativa 11 - Cundinamarca-Amazonas,Cundinamarca,Sesquilé,1984-01-15,,PRECIPITACION,PTPM_TT_M,Precipitación total mensual,Mensual,1988-04-01,37.0,50,,900,79.84102,chirps-v2.0.1988.04.tif
39678,23065120,CABRERA LA AUT [23065120],5.141555556,-74.13936111,20,Climática Principal,INSTITUTO DE HIDROLOGIA METEOROLOGIA Y ESTUDIOS AMBIENTALES,Area Operativa 11 - Cundinamarca-Amazonas,Cundinamarca,Pacho,1974-09-15,,PRECIPITACION,PTPM_TT_M,Precipitación total mensual,Mensual,1988-04-01,213.0,4,,900,139.56721,chirps-v2.0.1988.04.tif
40117,21201730,CAMPOBELLO  [21201730],4.766666667,-74.36666667,2490,Pluviométrica,CORPORACION AUTONOMA REGIONAL DE CUNDINAMARCA,Area Operativa 11 - Cundinamarca-Amazonas,Cundinamarca,Madrid,1985-07-15,,PRECIPITACION,PTPM_TT_M,Precipitación total mensual,Mensual,1988-04-01,88.6,50,,900,123.505516,chirps-v2.0.1988.04.tif
40165,23060070,CANAIMA  [23060070],5.35,-74.41666667,1550,Pluviométrica,FEDERACION NACIONAL DE CAFETEROS,Area Operativa 11 - Cundinamarca-Amazonas,Cundinamarca,La Palma,1991-01-15,,PRECIPITACION,PTPM_TT_M,Precipitación total mensual,Mensual,1988-04-01,0.0,50,,900,287.5304,chirps-v2.0.1988.04.tif
41390,21200270,SAUCIO  [21200270],5.108833333,-73.70627778,2640,Pluviográfica,CORPORACION AUTONOMA REGIONAL DE CUNDINAMARCA,Area Operativa 11 - Cundinamarca-Amazonas,Cundinamarca,Chocontá,1947-06-15,,PRECIPITACION,PTPM_TT_M,Precipitación total mensual,Mensual,1988-04-01,89.0,50,,900,63.182426,chirps-v2.0.1988.04.tif
42270,21200510,SIBATE APOSTOLICA  [21200510],4.516666667,-74.25,2618,Pluviográfica,CORPORACION AUTONOMA REGIONAL DE CUNDINAMARCA,Area Operativa 11 - Cundinamarca-Amazonas,Cundinamarca,Sibaté,1956-05-15,,PRECIPITACION,PTPM_TT_M,Precipitación total mensual,Mensual,1988-04-01,78.7,50,,900,94.07413,chirps-v2.0.1988.04.tif
42566,23060290,SILENCIO EL [23060290],4.973166667,-74.41205556,1425,Pluviométrica,INSTITUTO DE HIDROLOGIA METEOROLOGIA Y ESTUDIOS AMBIENTALES,Area Operativa 11 - Cundinamarca-Amazonas,Cundinamarca,Sasaima,1986-03-15,,PRECIPITACION,PTPM_TT_M,Precipitación total mensual,Mensual,1988-04-01,337.5,50,,900,163.15349,chirps-v2.0.1988.04.tif
43846,21201360,STA INES  [21201360],4.816666667,-74.13333333,2550,Pluviométrica,CORPORACION AUTONOMA REGIONAL DE CUNDINAMARCA,Area Operativa 11 - Cundinamarca-Amazonas,Cundinamarca,Tenjo,1980-03-15,,PRECIPITACION,PTPM_TT_M,Precipitación total mensual,Mensual,1988-04-01,119.0,50,,900,76.268814,chirps-v2.0.1988.04.tif
44320,21201760,STA ISABEL  [21201760],4.983333333,-74.06666667,2680,Pluviométrica,CORPORACION AUTONOMA REGIONAL DE CUNDINAMARCA,Area Operativa 11 - Cundinamarca-Amazonas,Cundinamarca,Tabio,1968-05-15,,PRECIPITACION,PTPM_TT_M,Precipitación total mensual,Mensual,1988-04-01,0.0,50,,900,91.54889,chirps-v2.0.1988.04.tif
44693,21201030,STA TERESA  [21201030],4.666666667,-73.93333333,3080,Pluviográfica,CORPORACION AUTONOMA REGIONAL DE CUNDINAMARCA,Area Operativa 11 - Cundinamarca-Amazonas,Cundinamarca,La Calera,1970-09-15,,PRECIPITACION,PTPM_TT_M,Precipitación total mensual,Mensual,1988-04-01,76.5,50,,900,76.03521,chirps-v2.0.1988.04.tif
44987,21201620,SUESCA [21201620],5.109583333,-73.79697222,2575,Pluviométrica,INSTITUTO DE HIDROLOGIA METEOROLOGIA Y ESTUDIOS AMBIENTALES,Area Operativa 11 - Cundinamarca-Amazonas,Cundinamarca,Suesca,1987-05-15,2019-05-03 14:59:00,PRECIPITACION,PTPM_TT_M,Precipitación total mensual,Mensual,1988-04-01,54.3,50,,900,66.06288,chirps-v2.0.1988.04.tif
45417,35060020,SUEVA [35060020],4.81,-73.70716667,1965,Pluviométrica,INSTITUTO DE HIDROLOGIA METEOROLOGIA Y ESTUDIOS AMBIENTALES,Area Operativa 11 - Cundinamarca-Amazonas,Cundinamarca,Junín,1972-07-15,,PRECIPITACION,PTPM_TT_M,Precipitación total mensual,Mensual,1988-04-01,122.1,50,,900,91.05644,chirps-v2.0.1988.04.tif
45952,23060200,SUPATA [23060200],5.059694444,-74.239166667,1798,Pluviométrica,INSTITUTO DE HIDROLOGIA METEOROLOGIA Y ESTUDIOS AMBIENTALES,Area Operativa 11 - Cundinamarca-Amazonas,Cundinamarca,Supata,1974-09-15,,PRECIPITACION,PTPM_TT_M,Precipitación total mensual,Mensual,1988-04-01,150.7,50,,900,135.19418,chirps-v2.0.1988.04.tif
46639,24015210,SUTATAUSA  [24015210],5.25,-73.85,2700,Climática Ordinaria,CORPORACION AUTONOMA REGIONAL DE CUNDINAMARCA,Area Operativa 11 - Cundinamarca-Amazonas,Cundinamarca,Sutatausa,1965-04-15,,PRECIPITACION,PTPM_TT_M,Precipitación total mensual,Mensual,1988-04-01,107.0,50,,900,79.1819,chirps-v2.0.1988.04.tif
47044,21205650,TABIO  [21205650],4.766666667,-73.93333333,2620,Climática Principal,CORPORACION AUTONOMA REGIONAL DE CUNDINAMARCA,Area Operativa 11 - Cundinamarca-Amazonas,Cundinamarca,Tabio,1970-07-15,,PRECIPITACION,PTPM_TT_M,Precipitación total mensual,Mensual,1988-04-01,151.6,50,,900,62.708126,chirps-v2.0.1988.04.tif
47297,21201630,TABIO GRANJA [21201630],4.933055556,-74.06561111,2600,Pluviográfica,INSTITUTO DE HIDROLOGIA METEOROLOGIA Y ESTUDIOS AMBIENTALES,Area Operativa 11 - Cundinamarca-Amazonas,Cundinamarca,Tabio,1987-05-15,,PRECIPITACION,PTPM_TT_M,Precipitación total mensual,Mensual,1988-04-01,106.5,50,,900,85.97078,chirps-v2.0.1988.04.tif
47987,24010280,TAPIAS  [24010280],5.3,-73.71666667,2585,Pluviográfica,CORPORACION AUTONOMA REGIONAL DE CUNDINAMARCA,Area Operativa 11 - Cundinamarca-Amazonas,Cundinamarca,Lenguazaque,1960-03-15,,PRECIPITACION,PTPM_TT_M,Precipitación total mensual,Mensual,1988-04-01,39.3,50,,900,61.300156,chirps-v2.0.1988.04.tif
48315,35060170,TASAJERAS [35060170],4.885694444,-73.60036111,2502,Pluviométrica,INSTITUTO DE HIDROLOGIA METEOROLOGIA Y ESTUDIOS AMBIENTALES,Area Operativa 11 - Cundinamarca-Amazonas,Cundinamarca,Gachetá,1972-02-15,,PRECIPITACION,PTPM_TT_M,Precipitación total mensual,Mensual,1988-04-01,141.6,50,,900,105.69354,chirps-v2.0.1988.04.tif
48900,35060150,TEMBLADARES [35060150],4.704861111,-73.66527778,2878,Pluviométrica,INSTITUTO DE HIDROLOGIA METEOROLOGIA Y ESTUDIOS AMBIENTALES,Area Operativa 11 - Cundinamarca-Amazonas,Cundinamarca,Junín,1972-02-15,,PRECIPITACION,PTPM_TT_M,Precipitación total mensual,Mensual,1988-04-01,167.6,50,,900,130.43494,chirps-v2.0.1988.04.tif
49545,21200690,TESORO-VERTIENTES  [21200690],4.8,-74.31666667,2610,Pluviométrica,CORPORACION AUTONOMA REGIONAL DE CUNDINAMARCA,Area Operativa 11 - Cundinamarca-Amazonas,Cundinamarca,Facatativá,1931-08-15,,PRECIPITACION,PTPM_TT_M,Precipitación total mensual,Mensual,1988-04-01,56.5,50,,900,127.58744,chirps-v2.0.1988.04.tif
50175,21195030,TIBACUY GJA  [21195030],4.35,-74.41666667,1550,Climática Ordinaria,FEDERACION NACIONAL DE CAFETEROS,Area Operativa 11 - Cundinamarca-Amazonas,Cundinamarca,Tibacuy,1951-12-15,,PRECIPITACION,PTPM_TT_M,Precipitación total mensual,Mensual,1988-04-01,82.5,50,,900,93.6376,chirps-v2.0.1988.04.tif
50272,21190030,TIBACUY [21190030],4.348055556,-74.45447222,1635,Pluviográfica,INSTITUTO DE HIDROLOGIA METEOROLOGIA Y ESTUDIOS AMBIENTALES,Area Operativa 11 - Cundinamarca-Amazonas,Cundinamarca,Tibacuy,1986-10-15,,PRECIPITACION,PTPM_TT_M,Precipitación total mensual,Mensual,1988-04-01,64.8,4,,900,157.60718,chirps-v2.0.1988.04.tif
51085,21205420,TIBAITATA [21205420],4.691416667,-74.209,2543,Agrometeorológica,INSTITUTO DE HIDROLOGIA METEOROLOGIA Y ESTUDIOS AMBIENTALES,Area Operativa 11 - Cundinamarca-Amazonas,Cundinamarca,Mosquera,1954-03-15,,PRECIPITACION,PTPM_TT_M,Precipitación total mensual,Mensual,1988-04-01,87.9,50,,900,74.53833,chirps-v2.0.1988.04.tif
51583,21201270,TIBAR EL [21201270],4.816666667,-74.23333333,2550,Pluviométrica,INSTITUTO DE HIDROLOGIA METEOROLOGIA Y ESTUDIOS AMBIENTALES,Area Operativa 11 - Cundinamarca-Amazonas,Cundinamarca,Madrid,1980-12-15,2002-02-15 00:00:00,PRECIPITACION,PTPM_TT_M,Precipitación total mensual,Mensual,1988-04-01,83.4,50,,900,88.8378,chirps-v2.0.1988.04.tif
51905,21206310,TISQUESUSA  [21206310],4.816666667,-74.31666667,2570,Climática Principal,CORPORACION AUTONOMA REGIONAL DE CUNDINAMARCA,Area Operativa 11 - Cundinamarca-Amazonas,Cundinamarca,Facatativá,1986-10-15,,PRECIPITACION,PTPM_TT_M,Precipitación total mensual,Mensual,1988-04-01,88.0,50,,900,127.58744,chirps-v2.0.1988.04.tif
52087,21201100,TOCAIMA [21201100],4.466666667,-74.65,490,Pluviométrica,INSTITUTO DE HIDROLOGIA METEOROLOGIA Y ESTUDIOS AMBIENTALES,Area Operativa 11 - Cundinamarca-Amazonas,Cundinamarca,Tocaima,1974-11-15,,PRECIPITACION,PTPM_TT_M,Precipitación total mensual,Mensual,1988-04-01,136.5,50,,900,159.62813,chirps-v2.0.1988.04.tif
52651,21201040,TOCANCIPA  [21201040],4.966666667,-73.91666667,2549,Pluviométrica,CORPORACION AUTONOMA REGIONAL DE CUNDINAMARCA,Area Operativa 11 - Cundinamarca-Amazonas,Cundinamarca,Tocancipá,1970-11-15,,PRECIPITACION,PTPM_TT_M,Precipitación total mensual,Mensual,1988-04-01,28.5,50,,900,92.412575,chirps-v2.0.1988.04.tif
52836,35060230,TRES ESQUINAS [35060230],4.781416667,-73.48905556,1943,Pluviométrica,INSTITUTO DE HIDROLOGIA METEOROLOGIA Y ESTUDIOS AMBIENTALES,Area Operativa 11 - Cundinamarca-Amazonas,Cundinamarca,Ubalá,1972-02-15,,PRECIPITACION,PTPM_TT_M,Precipitación total mensual,Mensual,1988-04-01,181.9,50,,900,203.43483,chirps-v2.0.1988.04.tif
53456,23060050,TRIANGULO EL  [23060050],4.966666667,-74.43333333,1500,Pluviométrica,FEDERACION NACIONAL DE CAFETEROS,Area Operativa 11 - Cundinamarca-Amazonas,Cundinamarca,Sasaima,1956-12-15,,PRECIPITACION,PTPM_TT_M,Precipitación total mensual,Mensual,1988-04-01,392.0,50,,900,163.15349,chirps-v2.0.1988.04.tif
53869,23060140,TUSCOLO EL [23060140],5.069444444,-74.608055556,985,Pluviométrica,INSTITUTO DE HIDROLOGIA METEOROLOGIA Y ESTUDIOS AMBIENTALES,Area Operativa 11 - Cundinamarca-Amazonas,Cundinamarca,Guaduas,1971-02-15,,PRECIPITACION,PTPM_TT_M,Precipitación total mensual,Mensual,1988-04-01,155.0,50,,900,203.97862,chirps-v2.0.1988.04.tif
54580,35060180,UBALA [35060180],4.752388889,-73.52858333,1929,Pluviométrica,INSTITUTO DE HIDROLOGIA METEOROLOGIA Y ESTUDIOS AMBIENTALES,Area Operativa 11 - Cundinamarca-Amazonas,Cundinamarca,Ubalá,1959-08-15,,PRECIPITACION,PTPM_TT_M,Precipitación total mensual,Mensual,1988-04-01,86.3,50,,900,178.89024,chirps-v2.0.1988.04.tif
55001,24011090,UBATE GRANJA [24011090],5.327333333,-73.79144444,2555,Pluviográfica,INSTITUTO DE HIDROLOGIA METEOROLOGIA Y ESTUDIOS AMBIENTALES,Area Operativa 11 - Cundinamarca-Amazonas,Cundinamarca,Ubaté,1987-05-15,2010-03-31 00:00:00,PRECIPITACION,PTPM_TT_M,Precipitación total mensual,Mensual,1988-04-01,70.1,50,,900,61.244488,chirps-v2.0.1988.04.tif
55736,35020420,UNE  [35020420],4.4,-74.01666667,2430,Pluviométrica,EMPRESA DE ACUEDUCTO Y ALCANTARILLADO DE BOGOTA E.S.P,Area Operativa 11 - Cundinamarca-Amazonas,Cundinamarca,Une,1947-01-15,,PRECIPITACION,PTPM_TT_M,Precipitación total mensual,Mensual,1988-04-01,56.8,50,,900,86.78053,chirps-v2.0.1988.04.tif
56046,21201320,UNION LA [21201320],4.509361111,-74.26880556,2640,Pluviométrica,INSTITUTO DE HIDROLOGIA METEOROLOGIA Y ESTUDIOS AMBIENTALES,Area Operativa 11 - Cundinamarca-Amazonas,Cundinamarca,Sibaté,1985-03-15,,PRECIPITACION,PTPM_TT_M,Precipitación total mensual,Mensual,1988-04-01,94.3,50,,900,94.07413,chirps-v2.0.1988.04.tif
56742,21200550,UNION LA-EL ROSAL  [21200550],4.866666667,-74.25,2725,Pluviométrica,CORPORACION AUTONOMA REGIONAL DE CUNDINAMARCA,Area Operativa 11 - Cundinamarca-Amazonas,Cundinamarca,Subachoque,1960-01-15,,PRECIPITACION,PTPM_TT_M,Precipitación total mensual,Mensual,1988-04-01,21.5,50,,900,123.6149,chirps-v2.0.1988.04.tif
57322,23060190,UTICA [23060190],5.196083333,-74.4855,497,Pluviométrica,INSTITUTO DE HIDROLOGIA METEOROLOGIA Y ESTUDIOS AMBIENTALES,Area Operativa 11 - Cundinamarca-Amazonas,Cundinamarca,Útica,1974-09-15,,PRECIPITACION,PTPM_TT_M,Precipitación total mensual,Mensual,1988-04-01,208.8,50,,900,205.12935,chirps-v2.0.1988.04.tif
58115,35060120,VEGA LA SAN JUAN [35060120],4.723305556,-73.47055556,1791,Pluviométrica,INSTITUTO DE HIDROLOGIA METEOROLOGIA Y ESTUDIOS AMBIENTALES,Area Operativa 11 - Cundinamarca-Amazonas,Cundinamarca,Gachalá,1972-02-15,,PRECIPITACION,PTPM_TT_M,Precipitación total mensual,Mensual,1988-04-01,294.8,50,,900,239.72163,chirps-v2.0.1988.04.tif
58693,21206290,VENECIA  [21206290],4.866666667,-74.41666667,2673,Climática Principal,CORPORACION AUTONOMA REGIONAL DE CUNDINAMARCA,Area Operativa 11 - Cundinamarca-Amazonas,Cundinamarca,Facatativá,1986-12-15,,PRECIPITACION,PTPM_TT_M,Precipitación total mensual,Mensual,1988-04-01,59.7,50,,900,184.508,chirps-v2.0.1988.04.tif
59418,21200260,VENTALARGA  [21200260],5.066666667,-74.05,3062,Pluviográfica,CORPORACION AUTONOMA REGIONAL DE CUNDINAMARCA,Area Operativa 11 - Cundinamarca-Amazonas,Cundinamarca,Zipaquirá,1947-06-15,,PRECIPITACION,PTPM_TT_M,Precipitación total mensual,Mensual,1988-04-01,143.7,50,,900,109.76297,chirps-v2.0.1988.04.tif
59817,23060220,VIANI  [23060220],4.866666667,-74.55,1500,Pluviométrica,FEDERACION NACIONAL DE CAFETEROS,Area Operativa 11 - Cundinamarca-Amazonas,Cundinamarca,Vianí,1982-01-15,,PRECIPITACION,PTPM_TT_M,Precipitación total mensual,Mensual,1988-04-01,235.0,50,,900,161.03261,chirps-v2.0.1988.04.tif
59841,21206400,VICTORIA LA  [21206400],4.466666667,-74.6,380,Climática Principal,CORPORACION AUTONOMA REGIONAL DE CUNDINAMARCA,Area Operativa 10 - Tolima,Cundinamarca,Tocaima,1986-12-15,,PRECIPITACION,PTPM_TT_M,Precipitación total mensual,Mensual,1988-04-01,145.0,50,,900,168.46756,chirps-v2.0.1988.04.tif
61525,21201640,VILLAPINZON GRANJA [21201640],5.26375,-73.59086111,2745,Pluviográfica,INSTITUTO DE HIDROLOGIA METEOROLOGIA Y ESTUDIOS AMBIENTALES,Area Operativa 11 - Cundinamarca-Amazonas,Cundinamarca,Villapinzón,1987-05-15,,PRECIPITACION,PTPM_TT_M,Precipitación total mensual,Mensual,1988-04-01,67.5,50,,900,74.85176,chirps-v2.0.1988.04.tif
62390,21201090,VIOTA [21201090],4.442694444,-74.54225,567,Pluviométrica,INSTITUTO DE HIDROLOGIA METEOROLOGIA Y ESTUDIOS AMBIENTALES,Area Operativa 11 - Cundinamarca-Amazonas,Cundinamarca,Viotá,1974-11-15,,PRECIPITACION,PTPM_TT_M,Precipitación total mensual,Mensual,1988-04-01,114.0,4,,900,118.33172,chirps-v2.0.1988.04.tif
63318,21200740,ZIPAQUIRA  [21200740],5.016666667,-74.0,2655,Pluviográfica,CORPORACION AUTONOMA REGIONAL DE CUNDINAMARCA,Area Operativa 11 - Cundinamarca-Amazonas,Cundinamarca,Zipaquirá,1960-02-15,,PRECIPITACION,PTPM_TT_M,Precipitación total mensual,Mensual,1988-04-01,122.7,50,,900,106.657646,chirps-v2.0.1988.04.tif
63915,35070110,GUAYATA LA GRANJA [35070110],4.976083333,-73.49930556,1580,Pluviográfica,INSTITUTO DE HIDROLOGIA METEOROLOGIA Y ESTUDIOS AMBIENTALES,Area Operativa 06 - Boyacá-Casanare-Vichada,Boyacá,Guayatá,1971-07-15,,PRECIPITACION,PTPM_TT_M,Precipitación total mensual,Mensual,1988-04-01,118.7,50,,900,150.34958,chirps-v2.0.1988.04.tif
64709,21201770,ANCLAJE 14  [21201770],4.6,-74.4,1110,Pluviográfica,CORPORACION AUTONOMA REGIONAL DE CUNDINAMARCA,Area Operativa 11 - Cundinamarca-Amazonas,Bogota,"Bogota, D.C",1987-12-15,,PRECIPITACION,PTPM_TT_M,Precipitación total mensual,Mensual,1988-04-01,132.3,50,,900,138.79297,chirps-v2.0.1988.04.tif
65266,21205590,APTO GUAYMARAL  [21205590],4.816666667,-74.08333333,2560,Sinóptica Secundaria,CORPORACION AUTONOMA REGIONAL DE CUNDINAMARCA,Area Operativa 11 - Cundinamarca-Amazonas,Bogota,"Bogota, D.C",1965-08-15,,PRECIPITACION,PTPM_TT_M,Precipitación total mensual,Mensual,1988-04-01,75.5,50,,900,93.692154,chirps-v2.0.1988.04.tif
66322,21201300,AUSTRALIA [21201300],4.39425,-74.132,3050,Pluviométrica,INSTITUTO DE HIDROLOGIA METEOROLOGIA Y ESTUDIOS AMBIENTALES,Area Operativa 11 - Cundinamarca-Amazonas,Bogota,"Bogota, D.C",1985-03-15,,PRECIPITACION,PTPM_TT_M,Precipitación total mensual,Mensual,1988-04-01,63.9,50,,900,68.79512,chirps-v2.0.1988.04.tif
66763,35020350,BETANIA [35020350],4.218888889,-74.14686111,3150,Pluviométrica,INSTITUTO DE HIDROLOGIA METEOROLOGIA Y ESTUDIOS AMBIENTALES,Area Operativa 11 - Cundinamarca-Amazonas,Bogota,"Bogota, D.C",1986-01-15,,PRECIPITACION,PTPM_TT_M,Precipitación total mensual,Mensual,1988-04-01,59.6,50,,900,76.76381,chirps-v2.0.1988.04.tif
67747,21200190,BOCA GRANDE  [21200190],4.333333333,-74.13333333,3460,Pluviométrica,EMPRESA DE ACUEDUCTO Y ALCANTARILLADO DE BOGOTA E.S.P,Area Operativa 11 - Cundinamarca-Amazonas,Bogota,"Bogota, D.C",1941-08-15,,PRECIPITACION,PTPM_TT_M,Precipitación total mensual,Mensual,1988-04-01,39.2,4,,900,72.0526,chirps-v2.0.1988.04.tif
68907,21205690,CAMAVIEJA  [21205690],4.616666667,-74.1,2680,Climática Ordinaria,EMPRESA DE ACUEDUCTO Y ALCANTARILLADO DE BOGOTA E.S.P,Area Operativa 11 - Cundinamarca-Amazonas,Bogota,"Bogota, D.C",1957-11-15,,PRECIPITACION,PTPM_TT_M,Precipitación total mensual,Mensual,1988-04-01,79.8,50,,900,65.21815,chirps-v2.0.1988.04.tif
69329,21201970,CASABLANCA  [21201970],4.566666667,-74.16666667,2665,Pluviométrica,EMPRESA DE ACUEDUCTO Y ALCANTARILLADO DE BOGOTA E.S.P,Area Operativa 11 - Cundinamarca-Amazonas,Bogota,"Bogota, D.C",1976-05-15,,PRECIPITACION,PTPM_TT_M,Precipitación total mensual,Mensual,1988-04-01,47.1,50,,900,82.39445,chirps-v2.0.1988.04.tif
70133,21200310,CERRO DE SUBA  [21200310],4.75,-74.06666667,2691,Pluviométrica,EMPRESA DE ACUEDUCTO Y ALCANTARILLADO DE BOGOTA E.S.P,Area Operativa 11 - Cundinamarca-Amazonas,Bogota,"Bogota, D.C",1947-09-15,,PRECIPITACION,PTPM_TT_M,Precipitación total mensual,Mensual,1988-04-01,94.9,50,,900,66.989975,chirps-v2.0.1988.04.tif
70698,21200850,CISACA  [21200850],4.483333333,-74.08333333,2880,Pluviográfica,CORPORACION AUTONOMA REGIONAL DE CUNDINAMARCA,Area Operativa 11 - Cundinamarca-Amazonas,Bogota,"Bogota, D.C",1962-12-15,,PRECIPITACION,PTPM_TT_M,Precipitación total mensual,Mensual,1988-04-01,38.1,4,,900,64.58125,chirps-v2.0.1988.04.tif
72883,21200130,DELIRIO  [21200130],4.55,-74.05,3000,Pluviométrica,EMPRESA DE ACUEDUCTO Y ALCANTARILLADO DE BOGOTA E.S.P,Area Operativa 11 - Cundinamarca-Amazonas,Bogota,"Bogota, D.C",1933-05-15,,PRECIPITACION,PTPM_TT_M,Precipitación total mensual,Mensual,1988-04-01,23.3,4,,900,64.34114,chirps-v2.0.1988.04.tif
73577,21201150,EDIFICIO M MEJIA  [21201150],4.616666667,-74.08333333,2580,Pluviográfica,CORPORACION AUTONOMA REGIONAL DE CUNDINAMARCA,Area Operativa 11 - Cundinamarca-Amazonas,Bogota,"Bogota, D.C",1981-01-15,,PRECIPITACION,PTPM_TT_M,Precipitación total mensual,Mensual,1988-04-01,23.6,4,,900,63.941105,chirps-v2.0.1988.04.tif
73805,21205791,ELDORADO CATAM - AUT [21205791],4.705583333,-74.15066667,2547,Sinóptica Principal,INSTITUTO DE HIDROLOGIA METEOROLOGIA Y ESTUDIOS AMBIENTALES,Area Operativa 11 - Cundinamarca-Amazonas,Bogota,"Bogota, D.C",2002-10-31,,PRECIPITACION,PTPM_TT_M,Precipitación total mensual,Mensual,1988-04-01,143.9,50,,900,62.426765,chirps-v2.0.1988.04.tif
74422,21205520,ELDORADO DIDACTICA [21205520],4.7,-74.15,2546,Climática Principal,INSTITUTO DE HIDROLOGIA METEOROLOGIA Y ESTUDIOS AMBIENTALES,Area Operativa 11 - Cundinamarca-Amazonas,Bogota,"Bogota, D.C",1959-01-15,2000-03-15 00:00:00,PRECIPITACION,PTPM_TT_M,Precipitación total mensual,Mensual,1988-04-01,135.7,50,,900,62.426765,chirps-v2.0.1988.04.tif
75509,24015150,CARRIZAL  [24015150],5.2,-73.76666667,2860,Climática Ordinaria,CORPORACION AUTONOMA REGIONAL DE CUNDINAMARCA,Area Operativa 11 - Cundinamarca-Amazonas,Cundinamarca,Cucunubá,1960-08-15,,PRECIPITACION,PTPM_TT_M,Precipitación total mensual,Mensual,1988-04-01,74.4,50,,900,57.382343,chirps-v2.0.1988.04.tif
76613,24010020,CARUPA  [24010020],5.35,-73.9,2960,Pluviográfica,CORPORACION AUTONOMA REGIONAL DE CUNDINAMARCA,Area Operativa 11 - Cundinamarca-Amazonas,Cundinamarca,Carmen De Carupa,1961-10-15,,PRECIPITACION,PTPM_TT_M,Precipitación total mensual,Mensual,1988-04-01,85.3,50,,900,132.94542,chirps-v2.0.1988.04.tif
76843,21201750,CHARQUITO  [21201750],4.55,-74.28333333,2550,Pluviométrica,CORPORACION AUTONOMA REGIONAL DE CUNDINAMARCA,Area Operativa 11 - Cundinamarca-Amazonas,Cundinamarca,Soacha,1988-01-15,,PRECIPITACION,PTPM_TT_M,Precipitación total mensual,Mensual,1988-04-01,112.5,50,,900,111.187805,chirps-v2.0.1988.04.tif
77247,21205400,CHECUA-NEMOCON  [21205400],5.116666667,-73.86666667,2580,Climática Principal,CORPORACION AUTONOMA REGIONAL DE CUNDINAMARCA,Area Operativa 11 - Cundinamarca-Amazonas,Cundinamarca,Nemocón,1953-04-15,,PRECIPITACION,PTPM_TT_M,Precipitación total mensual,Mensual,1988-04-01,56.7,50,,900,82.595535,chirps-v2.0.1988.04.tif
77412,21206050,ESCUELA COL INGENIERIA [21206050],4.783333333,-74.05,2650,Climática Principal,INSTITUTO DE HIDROLOGIA METEOROLOGIA Y ESTUDIOS AMBIENTALES,Area Operativa 11 - Cundinamarca-Amazonas,Bogota,"Bogota, D.C",1986-04-15,2008-12-10 00:00:00,PRECIPITACION,PTPM_TT_M,Precipitación total mensual,Mensual,1988-04-01,91.5,50,,900,66.989975,chirps-v2.0.1988.04.tif
77675,21201200,ESCUELA LA UNION [21201200],4.34264,-74.18381,3378,Climática Ordinaria,INSTITUTO DE HIDROLOGIA METEOROLOGIA Y ESTUDIOS AMBIENTALES,Area Operativa 11 - Cundinamarca-Amazonas,Bogota,"Bogota, D.C",2007-08-01,,PRECIPITACION,PTPM_TT_M,Precipitación total mensual,Mensual,1988-04-01,51.7,50,,900,77.00806,chirps-v2.0.1988.04.tif
78500,21202120,FONTIBON ACUEDUCTO  [21202120],4.666666667,-74.15,2545,Pluviométrica,EMPRESA DE ACUEDUCTO Y ALCANTARILLADO DE BOGOTA E.S.P,Area Operativa 11 - Cundinamarca-Amazonas,Bogota,"Bogota, D.C",1955-09-15,,PRECIPITACION,PTPM_TT_M,Precipitación total mensual,Mensual,1988-04-01,124.2,50,,900,82.049385,chirps-v2.0.1988.04.tif
79254,21200320,GRANIZO  [21200320],4.616666667,-74.05,3125,Pluviométrica,EMPRESA DE ACUEDUCTO Y ALCANTARILLADO DE BOGOTA E.S.P,Area Operativa 11 - Cundinamarca-Amazonas,Bogota,"Bogota, D.C",1947-09-15,,PRECIPITACION,PTPM_TT_M,Precipitación total mensual,Mensual,1988-04-01,46.0,50,,900,63.941105,chirps-v2.0.1988.04.tif
79533,21201980,GUADALUPE  - AUT  [21201980],4.59157,-74.05471,3227,Climática Ordinaria,FONDO DE PREVENCION Y ATENCION DE DESASTRES DE BOGOTA DC - FOPAE,Area Operativa 11 - Cundinamarca-Amazonas,Bogota,"Bogota, D.C",2007-09-01,,PRECIPITACION,PTPM_TT_M,Precipitación total mensual,Mensual,1988-04-01,41.4,50,,900,64.34114,chirps-v2.0.1988.04.tif
80404,21200200,HATO EL  [21200200],4.383333333,-74.18333333,3150,Pluviométrica,EMPRESA DE ACUEDUCTO Y ALCANTARILLADO DE BOGOTA E.S.P,Area Operativa 11 - Cundinamarca-Amazonas,Bogota,"Bogota, D.C",1928-06-15,,PRECIPITACION,PTPM_TT_M,Precipitación total mensual,Mensual,1988-04-01,50.3,50,,900,78.34248,chirps-v2.0.1988.04.tif
81819,21205710,JARDIN BOTANICO  - AUT [21205710],4.669333333,-74.10266667,2552,Climática Principal,INSTITUTO DE HIDROLOGIA METEOROLOGIA Y ESTUDIOS AMBIENTALES,Area Operativa 11 - Cundinamarca-Amazonas,Bogota,"Bogota, D.C",1974-09-15,,PRECIPITACION,PTPM_TT_M,Precipitación total mensual,Mensual,1988-04-01,124.7,50,,900,64.241844,chirps-v2.0.1988.04.tif
84003,21205230,OBS MET NACIONAL [21205230],4.633333333,-74.1,2556,Climática Principal,INSTITUTO DE HIDROLOGIA METEOROLOGIA Y ESTUDIOS AMBIENTALES,Area Operativa 11 - Cundinamarca-Amazonas,Bogota,"Bogota, D.C",1941-03-15,1993-11-15 00:00:00,PRECIPITACION,PTPM_TT_M,Precipitación total mensual,Mensual,1988-04-01,87.8,50,,900,65.21815,chirps-v2.0.1988.04.tif
84617,21201560,PICOTA LA  [21201560],4.566666667,-74.13333333,2580,Pluviográfica,CORPORACION AUTONOMA REGIONAL DE CUNDINAMARCA,Area Operativa 11 - Cundinamarca-Amazonas,Bogota,"Bogota, D.C",1980-06-15,,PRECIPITACION,PTPM_TT_M,Precipitación total mensual,Mensual,1988-04-01,88.3,50,,900,67.53433,chirps-v2.0.1988.04.tif
86044,21200340,REGADERA 2 LA  [21200340],4.4,-74.15,3056,Pluviométrica,EMPRESA DE ACUEDUCTO Y ALCANTARILLADO DE BOGOTA E.S.P,Area Operativa 11 - Cundinamarca-Amazonas,Bogota,"Bogota, D.C",1948-01-15,,PRECIPITACION,PTPM_TT_M,Precipitación total mensual,Mensual,1988-04-01,48.5,50,,900,80.60633,chirps-v2.0.1988.04.tif
86475,21201960,SALITRE CASA BOMBA  [21201960],4.666666667,-74.06666667,2580,Pluviográfica,EMPRESA DE ACUEDUCTO Y ALCANTARILLADO DE BOGOTA E.S.P,Area Operativa 11 - Cundinamarca-Amazonas,Bogota,"Bogota, D.C",1975-01-15,,PRECIPITACION,PTPM_TT_M,Precipitación total mensual,Mensual,1988-04-01,69.9,50,,900,71.20408,chirps-v2.0.1988.04.tif
88481,21201240,SANTA MARIA DE USME [21201240],4.481305556,-74.12627778,2800,Pluviométrica,INSTITUTO DE HIDROLOGIA METEOROLOGIA Y ESTUDIOS AMBIENTALES,Area Operativa 11 - Cundinamarca-Amazonas,Bogota,"Bogota, D.C",1977-12-15,,PRECIPITACION,PTPM_TT_M,Precipitación total mensual,Mensual,1988-04-01,51.9,50,,900,78.82419,chirps-v2.0.1988.04.tif
89068,21201600,SEDE IDEAM KRA 10 [21201600],4.607111111,-74.07288889,2685,Pluviográfica,INSTITUTO DE HIDROLOGIA METEOROLOGIA Y ESTUDIOS AMBIENTALES,Area Operativa 11 - Cundinamarca-Amazonas,Bogota,"Bogota, D.C",1986-09-15,2019-05-03 14:58:00,PRECIPITACION,PTPM_TT_M,Precipitación total mensual,Mensual,1988-04-01,57.9,50,,900,63.941105,chirps-v2.0.1988.04.tif
90074,21200520,STA LUCIA  [21200520],4.566666667,-74.11666667,2630,Pluviométrica,EMPRESA DE ACUEDUCTO Y ALCANTARILLADO DE BOGOTA E.S.P,Area Operativa 11 - Cundinamarca-Amazonas,Bogota,"Bogota, D.C",1956-07-15,,PRECIPITACION,PTPM_TT_M,Precipitación total mensual,Mensual,1988-04-01,89.6,50,,900,67.53433,chirps-v2.0.1988.04.tif
90717,21200770,TORCA  [21200770],4.783333333,-74.03333333,2579,Pluviométrica,CORPORACION AUTONOMA REGIONAL DE CUNDINAMARCA,Area Operativa 11 - Cundinamarca-Amazonas,Bogota,"Bogota, D.C",1960-02-15,,PRECIPITACION,PTPM_TT_M,Precipitación total mensual,Mensual,1988-04-01,263.5,50,,900,66.77664,chirps-v2.0.1988.04.tif
91345,21206190,UNIV PEDAGOGICA [21206190],4.666666667,-74.06666667,2570,Climática Ordinaria,INSTITUTO DE HIDROLOGIA METEOROLOGIA Y ESTUDIOS AMBIENTALES,Area Operativa 11 - Cundinamarca-Amazonas,Bogota,"Bogota, D.C",1986-11-15,2008-12-10 00:00:00,PRECIPITACION,PTPM_TT_M,Precipitación total mensual,Mensual,1988-04-01,76.5,4,,900,71.20408,chirps-v2.0.1988.04.tif
91473,21205012,UNIVERSIDAD NACIONAL  - AUT [21205012],4.63723,-74.08892,2556,Climática Principal,INSTITUTO DE HIDROLOGIA METEOROLOGIA Y ESTUDIOS AMBIENTALES,Area Operativa 11 - Cundinamarca-Amazonas,Bogota,"Bogota, D.C",2004-08-19,,PRECIPITACION,PTPM_TT_M,Precipitación total mensual,Mensual,1988-04-01,43.0,50,,900,63.941105,chirps-v2.0.1988.04.tif
92038,21201110,USAQUEN  [21201110],4.683333333,-74.01666667,2647,Pluviométrica,CORPORACION AUTONOMA REGIONAL DE CUNDINAMARCA,Area Operativa 11 - Cundinamarca-Amazonas,Bogota,"Bogota, D.C",1955-06-15,,PRECIPITACION,PTPM_TT_M,Precipitación total mensual,Mensual,1988-04-01,59.0,50,,900,82.23789,chirps-v2.0.1988.04.tif
92111,21206230,VEGAS LAS HACIENDA [21206230],4.661666667,-74.15141944,2543,Climática Ordinaria,INSTITUTO DE HIDROLOGIA METEOROLOGIA Y ESTUDIOS AMBIENTALES,Area Operativa 11 - Cundinamarca-Amazonas,Bogota,"Bogota, D.C",1987-08-15,2011-05-10 00:00:00,PRECIPITACION,PTPM_TT_M,Precipitación total mensual,Mensual,1988-04-01,10.1,50,,900,82.049385,chirps-v2.0.1988.04.tif
92566,21205580,VENADO ORO VIVERO [21205580],4.598361111,-74.06155556,2725,Climática Ordinaria,INSTITUTO DE HIDROLOGIA METEOROLOGIA Y ESTUDIOS AMBIENTALES,Area Operativa 11 - Cundinamarca-Amazonas,Bogota,"Bogota, D.C",1965-08-15,,PRECIPITACION,PTPM_TT_M,Precipitación total mensual,Mensual,1988-04-01,58.9,4,,900,64.34114,chirps-v2.0.1988.04.tif
93429,21200240,VERJON EL  [21200240],4.583333333,-74.01666667,3250,Pluviométrica,EMPRESA DE ACUEDUCTO Y ALCANTARILLADO DE BOGOTA E.S.P,Area Operativa 11 - Cundinamarca-Amazonas,Bogota,"Bogota, D.C",1946-02-15,,PRECIPITACION,PTPM_TT_M,Precipitación total mensual,Mensual,1988-04-01,47.4,50,,900,62.21204,chirps-v2.0.1988.04.tif
94590,21205240,VITELMA  [21205240],4.566666667,-74.06666667,2682,Climática Ordinaria,EMPRESA DE ACUEDUCTO Y ALCANTARILLADO DE BOGOTA E.S.P,Area Operativa 11 - Cundinamarca-Amazonas,Bogota,"Bogota, D.C",1941-05-15,,PRECIPITACION,PTPM_TT_M,Precipitación total mensual,Mensual,1988-04-01,30.3,4,,900,64.34114,chirps-v2.0.1988.04.tif
95450,35030020,MONFORT [35030020],4.310083333,-73.64802778,1100,Pluviométrica,INSTITUTO DE HIDROLOGIA METEOROLOGIA Y ESTUDIOS AMBIENTALES,Area Operativa 03 - Meta-Guaviare-Guainía,Meta,El Calvario,1968-08-15,,PRECIPITACION,PTPM_TT_M,Precipitación total mensual,Mensual,1988-04-01,549.0,50,,1200,296.96735,chirps-v2.0.1988.04.tif
96181,21185040,AEROPUERTO SANTIAGO VILA [21185040],4.275444444,-74.798,305,Climática Principal,INSTITUTO DE HIDROLOGIA METEOROLOGIA Y ESTUDIOS AMBIENTALES,Area Operativa 10 - Tolima,Tolima,Flandes,1951-01-15,,PRECIPITACION,PTPM_TT_M,Precipitación total mensual,Mensual,1988-04-01,197.6,50,,1200,192.62532,chirps-v2.0.1988.04.tif
96644,21250610,ALSACIA [21250610],4.85,-74.78333333,310,Pluviométrica,INSTITUTO DE HIDROLOGIA METEOROLOGIA Y ESTUDIOS AMBIENTALES,Area Operativa 10 - Tolima,Tolima,Ambalema,1983-07-15,2002-02-15 00:00:00,PRECIPITACION,PTPM_TT_M,Precipitación total mensual,Mensual,1988-04-01,243.8,50,,900,157.37552,chirps-v2.0.1988.04.tif
97181,21250590,BOCATOMA C CENTRAL [21250590],4.783333333,-74.78333333,310,Pluviométrica,INSTITUTO DE HIDROLOGIA METEOROLOGIA Y ESTUDIOS AMBIENTALES,Area Operativa 10 - Tolima,Tolima,Ambalema,1983-07-15,2002-02-15 00:00:00,PRECIPITACION,PTPM_TT_M,Precipitación total mensual,Mensual,1988-04-01,274.0,50,,900,137.56064,chirps-v2.0.1988.04.tif
97431,21250540,BOCATOMA C NORTE [21250540],4.783333333,-74.8,340,Pluviométrica,INSTITUTO DE HIDROLOGIA METEOROLOGIA Y ESTUDIOS AMBIENTALES,Area Operativa 10 - Tolima,Tolima,Ambalema,1983-07-15,2002-02-15 00:00:00,PRECIPITACION,PTPM_TT_M,Precipitación total mensual,Mensual,1988-04-01,236.0,50,,900,165.6193,chirps-v2.0.1988.04.tif
97662,21250580,BOQUERON [21250580],4.8,-74.83333333,405,Pluviométrica,INSTITUTO DE HIDROLOGIA METEOROLOGIA Y ESTUDIOS AMBIENTALES,Area Operativa 10 - Tolima,Tolima,Ambalema,1983-07-15,2002-02-15 00:00:00,PRECIPITACION,PTPM_TT_M,Precipitación total mensual,Mensual,1988-04-01,217.8,50,,900,171.48271,chirps-v2.0.1988.04.tif
98074,21250430,CAMPAMENTO AMBALEM [21250430],4.783333333,-74.76666667,241,Pluviométrica,INSTITUTO DE HIDROLOGIA METEOROLOGIA Y ESTUDIOS AMBIENTALES,Area Operativa 10 - Tolima,Tolima,Ambalema,1968-07-15,2002-02-15 00:00:00,PRECIPITACION,PTPM_TT_M,Precipitación total mensual,Mensual,1988-04-01,208.0,50,,900,137.56064,chirps-v2.0.1988.04.tif
98542,21170020,DOS AGUAS LAS [21170020],4.258277778,-74.78361111,3394,Pluviométrica,INSTITUTO DE HIDROLOGIA METEOROLOGIA Y ESTUDIOS AMBIENTALES,Area Operativa 10 - Tolima,Tolima,Suárez,1951-01-15,,PRECIPITACION,PTPM_TT_M,Precipitación total mensual,Mensual,1988-04-01,216.1,50,,1200,192.62532,chirps-v2.0.1988.04.tif
99166,23025020,ESPERANZA LA [23025020],5.262638889,-74.72913889,208,Climática Ordinaria,INSTITUTO DE HIDROLOGIA METEOROLOGIA Y ESTUDIOS AMBIENTALES,Area Operativa 10 - Tolima,Tolima,Honda,1970-10-15,2016-01-06 00:00:00,PRECIPITACION,PTPM_TT_M,Precipitación total mensual,Mensual,1988-04-01,77.0,50,,900,244.43732,chirps-v2.0.1988.04.tif
99536,21250570,IGUACITOS [21250570],4.85,-74.85,375,Pluviométrica,INSTITUTO DE HIDROLOGIA METEOROLOGIA Y ESTUDIOS AMBIENTALES,Area Operativa 10 - Tolima,Tolima,Lérida,1983-07-15,2002-02-15 00:00:00,PRECIPITACION,PTPM_TT_M,Precipitación total mensual,Mensual,1988-04-01,221.5,50,,900,216.53032,chirps-v2.0.1988.04.tif
99725,23010140,MESA LA  [23010140],5.183333333,-74.88333333,1200,Pluviométrica,FEDERACION NACIONAL DE CAFETEROS,Area Operativa 10 - Tolima,Tolima,Mariquita,1991-01-15,,PRECIPITACION,PTPM_TT_M,Precipitación total mensual,Mensual,1988-04-01,480.0,50,,900,299.25803,chirps-v2.0.1988.04.tif
99978,21190300,SALERO EL [21190300],4.234527778,-74.60663889,650,Pluviométrica,INSTITUTO DE HIDROLOGIA METEOROLOGIA Y ESTUDIOS AMBIENTALES,Area Operativa 10 - Tolima,Tolima,Melgar,1971-11-15,2014-08-28 00:00:00,PRECIPITACION,PTPM_TT_M,Precipitación total mensual,Mensual,1988-04-01,167.0,50,,900,184.24265,chirps-v2.0.1988.04.tif
100472,21255080,SALTO EL [21255080],4.78375,-74.76794444,1139,Climática Principal,INSTITUTO DE HIDROLOGIA METEOROLOGIA Y ESTUDIOS AMBIENTALES,Area Operativa 10 - Tolima,Tolima,Ambalema,1968-11-15,,PRECIPITACION,PTPM_TT_M,Precipitación total mensual,Mensual,1988-04-01,249.4,50,,900,137.56064,chirps-v2.0.1988.04.tif
100842,23060260,CHILAGUA FINCA [23060260],5.064638889,-74.38202778,1500,Pluviométrica,INSTITUTO DE HIDROLOGIA METEOROLOGIA Y ESTUDIOS AMBIENTALES,Area Operativa 11 - Cundinamarca-Amazonas,Cundinamarca,Nocaima,1987-12-15,,PRECIPITACION,PTPM_TT_M,Precipitación total mensual,Mensual,1988-04-01,251.5,50,,900,183.10753,chirps-v2.0.1988.04.tif
101511,35035040,CHINGAZA  [35035040],4.483333333,-73.9,2999,Climática Ordinaria,EMPRESA DE ACUEDUCTO Y ALCANTARILLADO DE BOGOTA E.S.P,Area Operativa 11 - Cundinamarca-Amazonas,Cundinamarca,Fómeque,1968-01-15,,PRECIPITACION,PTPM_TT_M,Precipitación total mensual,Mensual,1988-04-01,100.0,50,,900,94.50952,chirps-v2.0.1988.04.tif
102022,35020050,CHIPAQUE  [35020050],4.45,-74.05,2850,Pluviográfica,EMPRESA DE ACUEDUCTO Y ALCANTARILLADO DE BOGOTA E.S.P,Area Operativa 11 - Cundinamarca-Amazonas,Cundinamarca,Chipaque,1956-01-15,,PRECIPITACION,PTPM_TT_M,Precipitación total mensual,Mensual,1988-04-01,69.0,50,,900,64.58125,chirps-v2.0.1988.04.tif
102526,35020240,CHOACHI  [35020240],4.533333333,-73.93333333,1950,Pluviográfica,EMPRESA DE ACUEDUCTO Y ALCANTARILLADO DE BOGOTA E.S.P,Area Operativa 11 - Cundinamarca-Amazonas,Cundinamarca,Choachí,1947-08-15,,PRECIPITACION,PTPM_TT_M,Precipitación total mensual,Mensual,1988-04-01,60.9,50,,900,81.292496,chirps-v2.0.1988.04.tif
102879,35020280,CHOACHI [35020280],4.522916667,-73.92658333,1950,Pluviométrica,INSTITUTO DE HIDROLOGIA METEOROLOGIA Y ESTUDIOS AMBIENTALES,Area Operativa 11 - Cundinamarca-Amazonas,Cundinamarca,Choachí,1981-11-15,,PRECIPITACION,PTPM_TT_M,Precipitación total mensual,Mensual,1988-04-01,53.0,50,,900,81.292496,chirps-v2.0.1988.04.tif
103744,35030140,CHUZA MONTERREDO  [35030140],4.616666667,-73.71666667,3100,Pluviométrica,EMPRESA DE ACUEDUCTO Y ALCANTARILLADO DE BOGOTA E.S.P,Area Operativa 11 - Cundinamarca-Amazonas,Cundinamarca,Fómeque,1966-11-15,,PRECIPITACION,PTPM_TT_M,Precipitación total mensual,Mensual,1988-04-01,152.1,50,,900,126.611244,chirps-v2.0.1988.04.tif
104011,35060210,CLARAVAL AUT [35060210],4.65025,-73.64144444,2100,Climática Principal,INSTITUTO DE HIDROLOGIA METEOROLOGIA Y ESTUDIOS AMBIENTALES,Area Operativa 11 - Cundinamarca-Amazonas,Cundinamarca,Junín,1972-02-15,,PRECIPITACION,PTPM_TT_M,Precipitación total mensual,Mensual,1988-04-01,186.6,50,,900,152.61853,chirps-v2.0.1988.04.tif
104656,21200960,CONSUELO EL  [21200960],4.983333333,-73.78333333,2960,Pluviográfica,CORPORACION AUTONOMA REGIONAL DE CUNDINAMARCA,Area Operativa 11 - Cundinamarca-Amazonas,Cundinamarca,Sesquilé,1967-03-15,,PRECIPITACION,PTPM_TT_M,Precipitación total mensual,Mensual,1988-04-01,35.0,50,,900,67.65835,chirps-v2.0.1988.04.tif
104854,21201070,CORAZON EL [21201070],4.865361111,-74.28941667,2845,Pluviométrica,INSTITUTO DE HIDROLOGIA METEOROLOGIA Y ESTUDIOS AMBIENTALES,Area Operativa 11 - Cundinamarca-Amazonas,Cundinamarca,Facatativá,1974-07-15,,PRECIPITACION,PTPM_TT_M,Precipitación total mensual,Mensual,1988-04-01,73.2,50,,900,123.6149,chirps-v2.0.1988.04.tif
105487,35030120,CUCHILLA GOLILLAS  [35030120],4.566666667,-73.73333333,3350,Pluviométrica,EMPRESA DE ACUEDUCTO Y ALCANTARILLADO DE BOGOTA E.S.P,Area Operativa 11 - Cundinamarca-Amazonas,Cundinamarca,Fómeque,1969-08-15,,PRECIPITACION,PTPM_TT_M,Precipitación total mensual,Mensual,1988-04-01,161.6,50,,900,134.02087,chirps-v2.0.1988.04.tif
106048,24010140,CUCUNUBA [24010140],5.21957,-73.78229,2818,Pluviométrica,INSTITUTO DE HIDROLOGIA METEOROLOGIA Y ESTUDIOS AMBIENTALES,Area Operativa 11 - Cundinamarca-Amazonas,Cundinamarca,Cucunubá,1958-01-15,2019-11-13 11:27:00,PRECIPITACION,PTPM_TT_M,Precipitación total mensual,Mensual,1988-04-01,51.1,50,,900,57.382343,chirps-v2.0.1988.04.tif
106435,24011080,CUCUNUBA1 [24011080],5.25,-73.77,3,Pluviométrica,INSTITUTO DE HIDROLOGIA METEOROLOGIA Y ESTUDIOS AMBIENTALES,Area Operativa 11 - Cundinamarca-Amazonas,Cundinamarca,Cucunubá,1987-05-15,,PRECIPITACION,PTPM_TT_M,Precipitación total mensual,Mensual,1988-04-01,55.9,50,,900,58.78302,chirps-v2.0.1988.04.tif
106853,21201830,DARIO VALENCIA  [21201830],4.6,-74.45,790,Pluviométrica,CORPORACION AUTONOMA REGIONAL DE CUNDINAMARCA,Area Operativa 11 - Cundinamarca-Amazonas,Cundinamarca,El Colegio,1987-11-15,,PRECIPITACION,PTPM_TT_M,Precipitación total mensual,Mensual,1988-04-01,95.3,50,,900,173.85841,chirps-v2.0.1988.04.tif
107122,35040010,EL RETIRO [35040010],4.338722222,-73.54652778,870,Pluviométrica,INSTITUTO DE HIDROLOGIA METEOROLOGIA Y ESTUDIOS AMBIENTALES,Area Operativa 03 - Meta-Guaviare-Guainía,Cundinamarca,Medina,1968-08-15,,PRECIPITACION,PTPM_TT_M,Precipitación total mensual,Mensual,1988-04-01,845.0,50,,1200,354.44,chirps-v2.0.1988.04.tif
107791,24010390,EL TRIANGULO  - AUT  [24010390],5.305305556,-73.61930556,2879,Pluviográfica,CORPORACION AUTONOMA REGIONAL DE CUNDINAMARCA,Area Operativa 11 - Cundinamarca-Amazonas,Cundinamarca,Lenguazaque,1963-01-15,,PRECIPITACION,PTPM_TT_M,Precipitación total mensual,Mensual,1988-04-01,64.0,50,,900,71.07218,chirps-v2.0.1988.04.tif
108252,21201380,ENCANTO EL  [21201380],5.166666667,-73.88333333,3150,Pluviográfica,CORPORACION AUTONOMA REGIONAL DE CUNDINAMARCA,Area Operativa 11 - Cundinamarca-Amazonas,Cundinamarca,Tausa,1959-08-15,,PRECIPITACION,PTPM_TT_M,Precipitación total mensual,Mensual,1988-04-01,103.0,50,,900,80.086975,chirps-v2.0.1988.04.tif
108309,21206410,ESC SAMPER MADRID  [21206410],4.516666667,-74.58333333,550,Climática Principal,CORPORACION AUTONOMA REGIONAL DE CUNDINAMARCA,Area Operativa 11 - Cundinamarca-Amazonas,Cundinamarca,Apulo,1987-03-15,,PRECIPITACION,PTPM_TT_M,Precipitación total mensual,Mensual,1988-04-01,206.8,50,,900,147.35902,chirps-v2.0.1988.04.tif
109411,23065070,ESC VOCACIONAL  [23065070],5.166666667,-74.2,1940,Climática Ordinaria,CORPORACION AUTONOMA REGIONAL DE CUNDINAMARCA,Area Operativa 11 - Cundinamarca-Amazonas,Cundinamarca,Pacho,1966-06-15,,PRECIPITACION,PTPM_TT_M,Precipitación total mensual,Mensual,1988-04-01,207.8,50,,900,152.26654,chirps-v2.0.1988.04.tif
109631,35060100,ESCUELA TENA [35060100],4.712694444,-73.52069444,1650,Pluviográfica,INSTITUTO DE HIDROLOGIA METEOROLOGIA Y ESTUDIOS AMBIENTALES,Area Operativa 11 - Cundinamarca-Amazonas,Cundinamarca,Gachalá,1972-08-15,,PRECIPITACION,PTPM_TT_M,Precipitación total mensual,Mensual,1988-04-01,310.9,50,,900,210.67195,chirps-v2.0.1988.04.tif
110212,21201140,ESPERANZA LA [21201140],4.802166667,-74.17997222,2555,Pluviométrica,INSTITUTO DE HIDROLOGIA METEOROLOGIA Y ESTUDIOS AMBIENTALES,Area Operativa 11 - Cundinamarca-Amazonas,Cundinamarca,Tenjo,1974-07-15,,PRECIPITACION,PTPM_TT_M,Precipitación total mensual,Mensual,1988-04-01,91.0,50,,900,84.0684,chirps-v2.0.1988.04.tif
110639,35070480,ESPERANZA LA [35070480],5.0100278,-73.539444444,1854,Pluviográfica,INSTITUTO DE HIDROLOGIA METEOROLOGIA Y ESTUDIOS AMBIENTALES,Area Operativa 06 - Boyacá-Casanare-Vichada,Cundinamarca,Manta,1982-08-15,,PRECIPITACION,PTPM_TT_M,Precipitación total mensual,Mensual,1988-04-01,94.8,50,,900,114.445335,chirps-v2.0.1988.04.tif
111694,23060320,FLORIDA LA  [23060320],5.083333333,-74.3,1400,Pluviométrica,FEDERACION NACIONAL DE CAFETEROS,Area Operativa 11 - Cundinamarca-Amazonas,Cundinamarca,Vergara,1988-01-15,,PRECIPITACION,PTPM_TT_M,Precipitación total mensual,Mensual,1988-04-01,429.0,50,,900,166.05193,chirps-v2.0.1988.04.tif
111977,21205670,FLORIDA LA AUT [21205670],4.770888889,-74.43763889,1915,Climática Principal,INSTITUTO DE HIDROLOGIA METEOROLOGIA Y ESTUDIOS AMBIENTALES,Area Operativa 11 - Cundinamarca-Amazonas,Cundinamarca,Anolaima,1970-11-15,,PRECIPITACION,PTPM_TT_M,Precipitación total mensual,Mensual,1988-04-01,108.1,4,,900,123.15803,chirps-v2.0.1988.04.tif
112455,35020290,FOMEQUE [35020290],4.486527778,-73.89041667,1900,Pluviométrica,INSTITUTO DE HIDROLOGIA METEOROLOGIA Y ESTUDIOS AMBIENTALES,Area Operativa 11 - Cundinamarca-Amazonas,Cundinamarca,Fómeque,1981-11-15,,PRECIPITACION,PTPM_TT_M,Precipitación total mensual,Mensual,1988-04-01,244.0,50,,900,117.16213,chirps-v2.0.1988.04.tif
113134,21201660,FUTE  [21201660],4.6,-74.28333333,2607,Pluviográfica,CORPORACION AUTONOMA REGIONAL DE CUNDINAMARCA,Area Operativa 11 - Cundinamarca-Amazonas,Cundinamarca,Soacha,1959-09-15,,PRECIPITACION,PTPM_TT_M,Precipitación total mensual,Mensual,1988-04-01,72.0,50,,900,121.47252,chirps-v2.0.1988.04.tif
113721,35060090,GACHALA [35060090],4.690527778,-73.52291667,1733,Pluviométrica,INSTITUTO DE HIDROLOGIA METEOROLOGIA Y ESTUDIOS AMBIENTALES,Area Operativa 11 - Cundinamarca-Amazonas,Cundinamarca,Gachalá,1962-04-15,,PRECIPITACION,PTPM_TT_M,Precipitación total mensual,Mensual,1988-04-01,157.8,50,,900,203.79768,chirps-v2.0.1988.04.tif
114556,35065010,GACHETA [35065010],4.830388889,-73.64647222,1752,Climática Ordinaria,INSTITUTO DE HIDROLOGIA METEOROLOGIA Y ESTUDIOS AMBIENTALES,Area Operativa 11 - Cundinamarca-Amazonas,Cundinamarca,Gachetá,1972-09-15,,PRECIPITACION,PTPM_TT_M,Precipitación total mensual,Mensual,1988-04-01,105.6,50,,900,101.84252,chirps-v2.0.1988.04.tif
115122,35060240,GAMA [35060240],4.764277778,-73.60991667,2210,Pluviométrica,INSTITUTO DE HIDROLOGIA METEOROLOGIA Y ESTUDIOS AMBIENTALES,Area Operativa 11 - Cundinamarca-Amazonas,Cundinamarca,Gama,1972-08-15,,PRECIPITACION,PTPM_TT_M,Precipitación total mensual,Mensual,1988-04-01,51.0,50,,900,109.94275,chirps-v2.0.1988.04.tif
115794,21200830,GRANJAS LAS  [21200830],4.466666667,-74.43333333,1400,Pluviométrica,FEDERACION NACIONAL DE CAFETEROS,Area Operativa 11 - Cundinamarca-Amazonas,Cundinamarca,El Colegio,1961-04-15,,PRECIPITACION,PTPM_TT_M,Precipitación total mensual,Mensual,1988-04-01,176.0,50,,900,179.11438,chirps-v2.0.1988.04.tif
116532,21201180,GUANQUICA [21201180],5.184277778,-73.941111111,3,Pluviométrica,INSTITUTO DE HIDROLOGIA METEOROLOGIA Y ESTUDIOS AMBIENTALES,Area Operativa 11 - Cundinamarca-Amazonas,Cundinamarca,Tausa,1954-12-15,,PRECIPITACION,PTPM_TT_M,Precipitación total mensual,Mensual,1988-04-01,148.5,50,,900,89.75246,chirps-v2.0.1988.04.tif
117290,21200600,GUARANI EL PENON  [21200600],4.433333333,-74.3,2800,Pluviográfica,CORPORACION AUTONOMA REGIONAL DE CUNDINAMARCA,Area Operativa 11 - Cundinamarca-Amazonas,Cundinamarca,Sibaté,1959-09-15,,PRECIPITACION,PTPM_TT_M,Precipitación total mensual,Mensual,1988-04-01,93.2,50,,900,97.12077,chirps-v2.0.1988.04.tif
117718,21205700,GUASCA [21205700],4.879861111,-73.86811111,2750,Climática Ordinaria,INSTITUTO DE HIDROLOGIA METEOROLOGIA Y ESTUDIOS AMBIENTALES,Area Operativa 11 - Cundinamarca-Amazonas,Cundinamarca,Guasca,1974-07-15,,PRECIPITACION,PTPM_TT_M,Precipitación total mensual,Mensual,1988-04-01,60.6,50,,900,87.12595,chirps-v2.0.1988.04.tif
118155,35020300,GUTIERREZ [35020300],4.253916667,-74.00269444,2300,Climática Principal,INSTITUTO DE HIDROLOGIA METEOROLOGIA Y ESTUDIOS AMBIENTALES,Area Operativa 11 - Cundinamarca-Amazonas,Cundinamarca,Gutiérrez,1984-07-15,,PRECIPITACION,PTPM_TT_M,Precipitación total mensual,Mensual,1988-04-01,101.4,50,,900,99.90018,chirps-v2.0.1988.04.tif
118902,24010300,HATILLO EL  [24010300],5.166666667,-73.8,2885,Pluviométrica,CORPORACION AUTONOMA REGIONAL DE CUNDINAMARCA,Area Operativa 11 - Cundinamarca-Amazonas,Cundinamarca,Suesca,1960-08-15,,PRECIPITACION,PTPM_TT_M,Precipitación total mensual,Mensual,1988-04-01,109.5,50,,900,73.96281,chirps-v2.0.1988.04.tif
119070,24010520,HATO 1 EL  [24010520],5.283333333,-73.91666667,2985,Pluviométrica,CORPORACION AUTONOMA REGIONAL DE CUNDINAMARCA,Area Operativa 11 - Cundinamarca-Amazonas,Cundinamarca,Carmen De Carupa,1972-10-15,,PRECIPITACION,PTPM_TT_M,Precipitación total mensual,Mensual,1988-04-01,102.0,50,,900,88.84248,chirps-v2.0.1988.04.tif
119238,24010530,HATO 2 EL  [24010530],5.266666667,-73.91666667,2974,Pluviométrica,CORPORACION AUTONOMA REGIONAL DE CUNDINAMARCA,Area Operativa 11 - Cundinamarca-Amazonas,Cundinamarca,Carmen De Carupa,1972-10-15,,PRECIPITACION,PTPM_TT_M,Precipitación total mensual,Mensual,1988-04-01,53.0,50,,900,88.84248,chirps-v2.0.1988.04.tif
119406,24010540,HATO 3 EL  [24010540],5.25,-73.95,3398,Pluviométrica,CORPORACION AUTONOMA REGIONAL DE CUNDINAMARCA,Area Operativa 11 - Cundinamarca-Amazonas,Cundinamarca,Carmen De Carupa,1972-10-15,,PRECIPITACION,PTPM_TT_M,Precipitación total mensual,Mensual,1988-04-01,94.0,50,,900,102.407234,chirps-v2.0.1988.04.tif
119574,24010550,HATO 4 EL  [24010550],5.216666667,-73.95,3465,Pluviométrica,CORPORACION AUTONOMA REGIONAL DE CUNDINAMARCA,Area Operativa 11 - Cundinamarca-Amazonas,Cundinamarca,Carmen De Carupa,1972-10-15,,PRECIPITACION,PTPM_TT_M,Precipitación total mensual,Mensual,1988-04-01,93.0,50,,900,92.85395,chirps-v2.0.1988.04.tif
119742,24010560,HATO 5 EL  [24010560],5.216666667,-73.95,3360,Pluviométrica,CORPORACION AUTONOMA REGIONAL DE CUNDINAMARCA,Area Operativa 11 - Cundinamarca-Amazonas,Cundinamarca,Carmen De Carupa,1972-10-15,,PRECIPITACION,PTPM_TT_M,Precipitación total mensual,Mensual,1988-04-01,198.0,50,,900,92.85395,chirps-v2.0.1988.04.tif
119910,24010570,HATO 6 EL  [24010570],5.233333333,-73.93333333,3105,Pluviométrica,CORPORACION AUTONOMA REGIONAL DE CUNDINAMARCA,Area Operativa 11 - Cundinamarca-Amazonas,Cundinamarca,Carmen De Carupa,1972-10-15,,PRECIPITACION,PTPM_TT_M,Precipitación total mensual,Mensual,1988-04-01,113.0,50,,900,89.69566,chirps-v2.0.1988.04.tif
120078,24010580,HATO 7 EL  [24010580],5.233333333,-73.91666667,3271,Pluviométrica,CORPORACION AUTONOMA REGIONAL DE CUNDINAMARCA,Area Operativa 11 - Cundinamarca-Amazonas,Cundinamarca,Carmen De Carupa,1972-10-15,,PRECIPITACION,PTPM_TT_M,Precipitación total mensual,Mensual,1988-04-01,82.0,50,,900,89.69566,chirps-v2.0.1988.04.tif
120246,24010590,HATO 8 EL  [24010590],5.266666667,-73.9,2963,Pluviométrica,CORPORACION AUTONOMA REGIONAL DE CUNDINAMARCA,Area Operativa 11 - Cundinamarca-Amazonas,Cundinamarca,Carmen De Carupa,1972-10-15,,PRECIPITACION,PTPM_TT_M,Precipitación total mensual,Mensual,1988-04-01,84.0,50,,900,88.84248,chirps-v2.0.1988.04.tif
120606,24010350,HATO EL  [24010350],5.283333333,-73.9,2900,Pluviográfica,CORPORACION AUTONOMA REGIONAL DE CUNDINAMARCA,Area Operativa 11 - Cundinamarca-Amazonas,Cundinamarca,Carmen De Carupa,1962-10-15,,PRECIPITACION,PTPM_TT_M,Precipitación total mensual,Mensual,1988-04-01,79.6,50,,900,88.84248,chirps-v2.0.1988.04.tif
120756,21201210,HATO EL [21201210],4.866388889,-74.15386111,2575,Pluviométrica,INSTITUTO DE HIDROLOGIA METEOROLOGIA Y ESTUDIOS AMBIENTALES,Area Operativa 11 - Cundinamarca-Amazonas,Cundinamarca,Tenjo,1978-06-15,,PRECIPITACION,PTPM_TT_M,Precipitación total mensual,Mensual,1988-04-01,96.9,50,,900,99.2913,chirps-v2.0.1988.04.tif
121204,35070490,HATO GRANDE HACIENDA [35070490],4.959388889,-73.58436111,2346,Pluviométrica,INSTITUTO DE HIDROLOGIA METEOROLOGIA Y ESTUDIOS AMBIENTALES,Area Operativa 11 - Cundinamarca-Amazonas,Cundinamarca,Manta,1982-07-15,,PRECIPITACION,PTPM_TT_M,Precipitación total mensual,Mensual,1988-04-01,210.0,50,,900,107.601295,chirps-v2.0.1988.04.tif
121615,21202160,HIDROPARAISO [21202160],4.5745,-74.407388889,1685,Pluviométrica,INSTITUTO DE HIDROLOGIA METEOROLOGIA Y ESTUDIOS AMBIENTALES,Area Operativa 11 - Cundinamarca-Amazonas,Cundinamarca,El Colegio,1999-01-15,,PRECIPITACION,PTPM_TT_M,Precipitación total mensual,Mensual,1988-04-01,229.1,50,,900,144.12907,chirps-v2.0.1988.04.tif
121992,21206160,HIDROPARAISO [21206160],4.573166667,-74.40483333,1600,Climática Principal,INSTITUTO DE HIDROLOGIA METEOROLOGIA Y ESTUDIOS AMBIENTALES,Area Operativa 11 - Cundinamarca-Amazonas,Cundinamarca,El Colegio,1984-04-15,1998-12-15 00:00:00,PRECIPITACION,PTPM_TT_M,Precipitación total mensual,Mensual,1988-04-01,229.1,50,,900,144.12907,chirps-v2.0.1988.04.tif
122162,21201670,HOYO EL - ARRIBA  [21201670],5.15,-73.81666667,2780,Pluviográfica,CORPORACION AUTONOMA REGIONAL DE CUNDINAMARCA,Area Operativa 11 - Cundinamarca-Amazonas,Cundinamarca,Suesca,1985-12-15,,PRECIPITACION,PTPM_TT_M,Precipitación total mensual,Mensual,1988-04-01,72.4,50,,900,73.96281,chirps-v2.0.1988.04.tif
122576,21201410,ACANDY  [21201410],5.05,-73.88333333,2600,Pluviométrica,CORPORACION AUTONOMA REGIONAL DE CUNDINAMARCA,Area Operativa 11 - Cundinamarca-Amazonas,Cundinamarca,Nemocón,1977-10-15,,PRECIPITACION,PTPM_TT_M,Precipitación total mensual,Mensual,1988-04-01,50.0,50,,900,85.933105,chirps-v2.0.1988.04.tif
123347,21201590,ALCO  [21201590],4.9,-74.0,2590,Pluviográfica,CORPORACION AUTONOMA REGIONAL DE CUNDINAMARCA,Area Operativa 11 - Cundinamarca-Amazonas,Cundinamarca,Zipaquirá,1980-06-15,,PRECIPITACION,PTPM_TT_M,Precipitación total mensual,Mensual,1988-04-01,142.4,50,,900,90.54969,chirps-v2.0.1988.04.tif
123850,21201130,ALMAVIVA  [21201130],4.866666667,-74.01666667,2595,Pluviométrica,CORPORACION AUTONOMA REGIONAL DE CUNDINAMARCA,Area Operativa 11 - Cundinamarca-Amazonas,Cundinamarca,Chía,1973-04-15,,PRECIPITACION,PTPM_TT_M,Precipitación total mensual,Mensual,1988-04-01,50.0,50,,900,94.750336,chirps-v2.0.1988.04.tif
124033,21201680,ALTO DE AIRE  [21201680],5.216666667,-73.8,2900,Pluviográfica,CORPORACION AUTONOMA REGIONAL DE CUNDINAMARCA,Area Operativa 11 - Cundinamarca-Amazonas,Cundinamarca,Cucunubá,1986-09-15,,PRECIPITACION,PTPM_TT_M,Precipitación total mensual,Mensual,1988-04-01,36.7,50,,900,65.899445,chirps-v2.0.1988.04.tif
